1 0.169921875 0.8623046875 0.109375 0.1416015625
1 0.7861328125 0.6669921875 0.0732421875 0.099609375
1 0.3056640625 0.9306640625 0.1171875 0.1357421875
1 0.3310546875 0.58203125 0.052734375 0.06640625
3 0.392578125 0.4052734375 0.0419921875 0.080078125
1 0.275390625 0.572265625 0.0439453125 0.0615234375
1 0.4052734375 0.462890625 0.0263671875 0.0361328125
1 0.421875 0.5126953125 0.03125 0.046875
1 0.6025390625 0.4775390625 0.0283203125 0.0390625
1 0.5556640625 0.484375 0.0283203125 0.044921875
1 0.4521484375 0.447265625 0.0205078125 0.033203125
1 0.5361328125 0.412109375 0.017578125 0.02734375
1 0.4453125 0.3984375 0.0185546875 0.025390625
1 0.3671875 0.4609375 0.025390625 0.0361328125