3 0.1240234375 0.677734375 0.248046875 0.44140625
1 0.30859375 0.921875 0.1142578125 0.15234375
1 0.435546875 0.5087890625 0.03125 0.046875
3 0.228515625 0.7587890625 0.1142578125 0.171875
1 0.404296875 0.4580078125 0.029296875 0.0419921875
1 0.373046875 0.517578125 0.03125 0.044921875
1 0.4306640625 0.4169921875 0.017578125 0.02734375
1 0.4482421875 0.45703125 0.0263671875 0.0419921875
1 0.904296875 0.798828125 0.1123046875 0.150390625
1 0.6474609375 0.4873046875 0.03125 0.044921875
1 0.3466796875 0.5595703125 0.0439453125 0.06640625
1 0.458984375 0.419921875 0.0185546875 0.02734375