1 0.720703125 0.580078125 0.0498046875 0.072265625
1 0.41796875 0.5634765625 0.041015625 0.05859375
1 0.380859375 0.509765625 0.0361328125 0.044921875
1 0.4423828125 0.4677734375 0.03125 0.0419921875
1 0.2998046875 0.64453125 0.0732421875 0.0947265625
1 0.021484375 0.9111328125 0.0419921875 0.111328125
1 0.462890625 0.4267578125 0.021484375 0.025390625
1 0.337890625 0.4912109375 0.029296875 0.0419921875
3 0.421875 0.4013671875 0.0419921875 0.0859375
1 0.38671875 0.43359375 0.0263671875 0.0302734375
3 0.451171875 0.3740234375 0.025390625 0.05859375
1 0.4716796875 0.392578125 0.0185546875 0.025390625