1 0.6298828125 0.45703125 0.0732421875 0.1015625
1 0.74609375 0.373046875 0.05859375 0.06640625
1 0.640625 0.328125 0.041015625 0.0595703125
1 0.400390625 0.2412109375 0.0244140625 0.0390625
1 0.427734375 0.2626953125 0.0263671875 0.0380859375
1 0.7529296875 0.4716796875 0.0810546875 0.1015625
1 0.650390625 0.25 0.0263671875 0.0322265625
1 0.373046875 0.2021484375 0.01953125 0.03125
3 0.7216796875 0.3076171875 0.0419921875 0.046875
1 0.3232421875 0.267578125 0.033203125 0.0458984375
1 0.6025390625 0.240234375 0.0205078125 0.025390625