3 0.7978515625 0.74609375 0.283203125 0.494140625
1 0.3857421875 0.669921875 0.0654296875 0.0947265625
1 0.2646484375 0.70703125 0.080078125 0.1025390625
1 0.3740234375 0.5166015625 0.033203125 0.0498046875
1 0.28515625 0.5537109375 0.0419921875 0.0556640625
1 0.572265625 0.4404296875 0.0185546875 0.02734375
1 0.4443359375 0.4736328125 0.0263671875 0.0302734375
1 0.4609375 0.427734375 0.021484375 0.02734375
1 0.552734375 0.474609375 0.029296875 0.044921875
1 0.9677734375 0.900390625 0.064453125 0.171875
1 0.423828125 0.427734375 0.0185546875 0.0302734375
1 0.400390625 0.421875 0.017578125 0.02734375