3 0.3720703125 0.423828125 0.056640625 0.0947265625
1 0.435546875 0.5087890625 0.03125 0.046875
1 0.365234375 0.52734375 0.037109375 0.0498046875
1 0.3935546875 0.650390625 0.0546875 0.0830078125
1 0.0419921875 0.87109375 0.0830078125 0.14453125
1 0.2890625 0.6767578125 0.0751953125 0.099609375
1 0.625 0.5263671875 0.0341796875 0.052734375
1 0.4228515625 0.4375 0.017578125 0.033203125
1 0.44921875 0.4580078125 0.021484375 0.0361328125
1 0.392578125 0.4794921875 0.025390625 0.0390625
1 0.533203125 0.423828125 0.017578125 0.02734375
1 0.4619140625 0.421875 0.025390625 0.02734375
1 0.568359375 0.4208984375 0.0185546875 0.02734375