1 0.3994140625 0.6416015625 0.0595703125 0.0830078125
1 0.1513671875 0.912109375 0.130859375 0.1669921875
1 0.73046875 0.68359375 0.072265625 0.119140625
1 0.435546875 0.509765625 0.0283203125 0.046875
1 0.310546875 0.9384765625 0.119140625 0.119140625
1 0.57421875 0.52734375 0.0390625 0.0615234375
3 0.2861328125 0.529296875 0.0576171875 0.0947265625
1 0.41015625 0.451171875 0.0234375 0.033203125
1 0.373046875 0.4482421875 0.0234375 0.033203125
1 0.451171875 0.4482421875 0.0205078125 0.0302734375
1 0.638671875 0.4736328125 0.0263671875 0.0361328125