3 0.0888671875 0.7509765625 0.1767578125 0.4052734375
1 0.2470703125 0.587890625 0.0576171875 0.072265625
1 0.9169921875 0.8212890625 0.1376953125 0.158203125
1 0.724609375 0.7001953125 0.0732421875 0.1142578125
1 0.431640625 0.5263671875 0.0361328125 0.052734375
1 0.3447265625 0.5625 0.048828125 0.0634765625
1 0.5654296875 0.5166015625 0.033203125 0.052734375
1 0.4013671875 0.482421875 0.03125 0.0390625
1 0.419921875 0.44140625 0.0234375 0.033203125
1 0.5888671875 0.455078125 0.025390625 0.0361328125
1 0.4599609375 0.4345703125 0.0205078125 0.025390625