1 0.958984375 0.64453125 0.080078125 0.09765625
1 0.740234375 0.4677734375 0.044921875 0.052734375
1 0.6865234375 0.537109375 0.060546875 0.080078125
1 0.2431640625 0.45703125 0.0458984375 0.060546875
1 0.5546875 0.4130859375 0.021484375 0.02734375
1 0.3232421875 0.5048828125 0.0478515625 0.0751953125
1 0.677734375 0.4208984375 0.0283203125 0.029296875
1 0.408203125 0.40234375 0.0224609375 0.0283203125
1 0.5830078125 0.3974609375 0.0224609375 0.03125
1 0.5927734375 0.3759765625 0.0166015625 0.01953125
1 0.64453125 0.3896484375 0.0224609375 0.02734375