3 0.2548828125 0.671875 0.1142578125 0.18359375
3 0.349609375 0.443359375 0.0673828125 0.1142578125
1 0.5927734375 0.615234375 0.048828125 0.0859375
1 0.638671875 0.5458984375 0.0439453125 0.0615234375
1 0.7822265625 0.64453125 0.0654296875 0.091796875
1 0.18359375 0.65234375 0.064453125 0.0859375
3 0.4345703125 0.392578125 0.0361328125 0.0751953125
1 0.291015625 0.974609375 0.107421875 0.0498046875
1 0.380859375 0.5029296875 0.0341796875 0.046875
3 0.673828125 0.4990234375 0.046875 0.0859375
1 0.447265625 0.46484375 0.025390625 0.0419921875
1 0.466796875 0.400390625 0.017578125 0.0224609375
1 0.587890625 0.447265625 0.0234375 0.033203125
1 0.54296875 0.4541015625 0.021484375 0.0390625