1 0.2109375 0.802734375 0.111328125 0.138671875
3 0.357421875 0.4287109375 0.0595703125 0.1162109375
1 0.193359375 0.6572265625 0.0703125 0.0859375
3 0.66015625 0.744140625 0.107421875 0.25
1 0.7373046875 0.60546875 0.0595703125 0.080078125
3 0.9189453125 0.76953125 0.1611328125 0.263671875
1 0.40625 0.59765625 0.046875 0.0693359375
1 0.630859375 0.537109375 0.041015625 0.0634765625
1 0.669921875 0.5068359375 0.0341796875 0.0498046875
1 0.4423828125 0.48046875 0.0283203125 0.044921875
1 0.3173828125 0.6044921875 0.044921875 0.0751953125
1 0.392578125 0.48046875 0.029296875 0.0390625
1 0.4140625 0.4482421875 0.0205078125 0.0302734375
1 0.5859375 0.4609375 0.0234375 0.0390625
1 0.453125 0.4306640625 0.0205078125 0.0302734375