1 0.845703125 0.7265625 0.087890625 0.119140625
1 0.4140625 0.6025390625 0.048828125 0.06640625
1 0.701171875 0.5498046875 0.046875 0.05859375
1 0.306640625 0.53515625 0.0439453125 0.052734375
1 0.375 0.5224609375 0.033203125 0.046875
1 0.5791015625 0.53515625 0.0361328125 0.05859375
1 0.4404296875 0.482421875 0.0263671875 0.0390625
1 0.6123046875 0.505859375 0.033203125 0.05859375
1 0.4091796875 0.45703125 0.025390625 0.033203125
1 0.544921875 0.4482421875 0.021484375 0.0361328125
1 0.5771484375 0.4404296875 0.021484375 0.0302734375
1 0.625 0.455078125 0.0263671875 0.033203125
3 0.314453125 0.830078125 0.1064453125 0.1748046875
1 0.6552734375 0.4970703125 0.029296875 0.046875
1 0.314453125 0.830078125 0.1064453125 0.171875