1 0.8095703125 0.673828125 0.0830078125 0.111328125
1 0.421875 0.5517578125 0.0361328125 0.0556640625
3 0.2861328125 0.5029296875 0.1142578125 0.1748046875
1 0.150390625 0.8974609375 0.1357421875 0.1640625
1 0.3193359375 0.6083984375 0.052734375 0.0693359375
1 0.44140625 0.474609375 0.025390625 0.0361328125
1 0.62109375 0.525390625 0.041015625 0.0634765625
1 0.6376953125 0.7109375 0.076171875 0.15234375
3 0.6611328125 0.474609375 0.0625 0.09765625
1 0.3876953125 0.482421875 0.0263671875 0.0361328125
3 0.6015625 0.41015625 0.033203125 0.06640625
3 0.3955078125 0.4013671875 0.0439453125 0.078125
1 0.423828125 0.4208984375 0.025390625 0.044921875
1 0.4599609375 0.41796875 0.0205078125 0.02734375