1 0.384765625 0.6572265625 0.0625 0.0888671875
1 0.330078125 0.5927734375 0.0517578125 0.06640625
1 0.3232421875 0.509765625 0.037109375 0.046875
1 0.244140625 0.59765625 0.060546875 0.0693359375
1 0.3857421875 0.4970703125 0.03125 0.044921875
1 0.4384765625 0.474609375 0.025390625 0.0390625
1 0.677734375 0.517578125 0.0361328125 0.052734375
1 0.4580078125 0.4287109375 0.0205078125 0.0302734375
1 0.578125 0.43359375 0.0205078125 0.0302734375
1 0.3798828125 0.44140625 0.0234375 0.0302734375
3 0.4501953125 0.3720703125 0.0263671875 0.0556640625
1 0.423828125 0.427734375 0.0205078125 0.0302734375
1 0.3583984375 0.4599609375 0.0234375 0.0361328125