0 0.205078125 0.58984375 0.1611328125 0.22265625
1 0.69140625 0.6455078125 0.0595703125 0.0947265625
1 0.36328125 0.6044921875 0.0517578125 0.080078125
1 0.5859375 0.5859375 0.046875 0.0751953125
1 0.423828125 0.4267578125 0.0205078125 0.0302734375
1 0.38671875 0.4873046875 0.0263671875 0.0419921875
3 0.19921875 0.8037109375 0.1123046875 0.1611328125
1 0.6396484375 0.4736328125 0.0234375 0.0361328125
1 0.2890625 0.9765625 0.1015625 0.044921875
0 0.375 0.4375 0.029296875 0.052734375
1 0.552734375 0.466796875 0.0234375 0.0419921875
1 0.5751953125 0.4345703125 0.0185546875 0.0302734375
3 0.447265625 0.384765625 0.025390625 0.052734375