3 0.04296875 0.798828125 0.0859375 0.34765625
1 0.35546875 0.74609375 0.078125 0.1142578125
1 0.349609375 0.552734375 0.0419921875 0.0556640625
1 0.4208984375 0.556640625 0.0390625 0.05859375
1 0.3740234375 0.513671875 0.0341796875 0.044921875
1 0.6025390625 0.4873046875 0.029296875 0.044921875
1 0.4443359375 0.4599609375 0.025390625 0.0390625
1 0.615234375 0.64453125 0.060546875 0.1083984375
1 0.3984375 0.4697265625 0.0234375 0.0361328125
3 0.2626953125 0.5634765625 0.0654296875 0.1025390625
3 0.6748046875 0.5087890625 0.0498046875 0.080078125
1 0.62109375 0.4580078125 0.025390625 0.0361328125
1 0.099609375 0.96484375 0.130859375 0.06640625
1 0.4609375 0.423828125 0.0205078125 0.033203125