1 0.337890625 0.58984375 0.0517578125 0.0693359375
1 0.728515625 0.5888671875 0.046875 0.072265625
1 0.9765625 0.927734375 0.044921875 0.1416015625
1 0.681640625 0.8662109375 0.1015625 0.19140625
1 0.755859375 0.7431640625 0.091796875 0.1357421875
1 0.595703125 0.6015625 0.0498046875 0.080078125
1 0.4453125 0.4541015625 0.0234375 0.033203125
1 0.384765625 0.5 0.0283203125 0.044921875
1 0.103515625 0.7724609375 0.1015625 0.119140625
1 0.5498046875 0.466796875 0.0234375 0.044921875
0 0.3359375 0.4599609375 0.083984375 0.125
3 0.4150390625 0.5615234375 0.046875 0.080078125
1 0.416015625 0.5615234375 0.046875 0.080078125