1 0.228515625 0.6142578125 0.0595703125 0.072265625
1 0.638671875 0.5595703125 0.0419921875 0.0634765625
1 0.416015625 0.5517578125 0.0419921875 0.0556640625
1 0.3388671875 0.48046875 0.0283203125 0.0390625
1 0.5654296875 0.4248046875 0.0185546875 0.02734375
1 0.423828125 0.43359375 0.0185546875 0.02734375
1 0.216796875 0.8115234375 0.111328125 0.15234375
1 0.626953125 0.4580078125 0.025390625 0.033203125
1 0.462890625 0.4248046875 0.017578125 0.02734375
1 0.548828125 0.3779296875 0.015625 0.02734375
1 0.392578125 0.427734375 0.021484375 0.033203125
3 0.408203125 0.4013671875 0.025390625 0.046875
3 0.216796875 0.8115234375 0.109375 0.15234375