3 0.326171875 0.537109375 0.1201171875 0.2109375
1 0.6484375 0.4833984375 0.03125 0.0419921875
1 0.275390625 0.943359375 0.123046875 0.111328125
1 0.728515625 0.58203125 0.0498046875 0.06640625
1 0.458984375 0.4287109375 0.0185546875 0.02734375
1 0.2412109375 0.5947265625 0.0546875 0.072265625
1 0.4375 0.5 0.0263671875 0.044921875
1 0.578125 0.4345703125 0.021484375 0.0390625
1 0.552734375 0.46484375 0.021484375 0.0390625
1 0.615234375 0.4404296875 0.021484375 0.0302734375
3 0.455078125 0.3720703125 0.0234375 0.046875