1 0.6875 0.8291015625 0.099609375 0.1806640625
1 0.267578125 0.7109375 0.0859375 0.099609375
1 0.310546875 0.8876953125 0.1123046875 0.177734375
1 0.099609375 0.7666015625 0.1201171875 0.119140625
1 0.435546875 0.5205078125 0.029296875 0.0498046875
1 0.705078125 0.5556640625 0.0390625 0.0615234375
1 0.611328125 0.50390625 0.033203125 0.046875
1 0.365234375 0.5302734375 0.041015625 0.052734375
1 0.5625 0.5009765625 0.033203125 0.0498046875
1 0.5439453125 0.4404296875 0.0205078125 0.0361328125
1 0.4091796875 0.4541015625 0.0234375 0.033203125
1 0.455078125 0.45703125 0.021484375 0.02734375
3 0.6220703125 0.43359375 0.048828125 0.080078125