0 0.626953125 0.4375 0.0546875 0.0888671875
1 0.6044921875 0.5029296875 0.033203125 0.0498046875
1 0.3994140625 0.6123046875 0.052734375 0.0751953125
1 0.72265625 0.5859375 0.0576171875 0.080078125
1 0.443359375 0.4736328125 0.0283203125 0.0390625
1 0.2822265625 0.5537109375 0.037109375 0.052734375
1 0.3935546875 0.4794921875 0.03125 0.0390625
1 0.556640625 0.474609375 0.0263671875 0.0419921875
1 0.4091796875 0.4501953125 0.0234375 0.0302734375
3 0.3974609375 0.3974609375 0.037109375 0.078125
1 0.3525390625 0.482421875 0.029296875 0.0419921875
1 0.533203125 0.41796875 0.0185546875 0.02734375
1 0.4658203125 0.41015625 0.0185546875 0.025390625