1 0.322265625 0.8916015625 0.0986328125 0.1552734375
1 0.404296875 0.625 0.0498046875 0.0751953125
1 0.615234375 0.5068359375 0.0341796875 0.0556640625
3 0.697265625 0.5224609375 0.0576171875 0.10546875
1 0.353515625 0.5498046875 0.0419921875 0.0556640625
1 0.427734375 0.52734375 0.033203125 0.052734375
1 0.0517578125 0.857421875 0.103515625 0.15234375
1 0.4482421875 0.4580078125 0.0234375 0.0361328125
1 0.3447265625 0.482421875 0.0283203125 0.0390625
1 0.3994140625 0.482421875 0.0263671875 0.0361328125
1 0.5361328125 0.4150390625 0.017578125 0.02734375
1 0.5537109375 0.4599609375 0.0234375 0.0361328125
1 0.458984375 0.4248046875 0.0185546875 0.044921875
1 0.431640625 0.4169921875 0.0185546875 0.02734375