1 0.3525390625 0.81640625 0.0810546875 0.1337890625
1 0.1689453125 0.693359375 0.091796875 0.10546875
1 0.630859375 0.693359375 0.068359375 0.1162109375
1 0.4208984375 0.5634765625 0.041015625 0.0615234375
1 0.2744140625 0.6708984375 0.072265625 0.0947265625
1 0.359375 0.5419921875 0.0419921875 0.052734375
1 0.408203125 0.453125 0.0234375 0.0361328125
1 0.455078125 0.4580078125 0.0234375 0.033203125
1 0.3837890625 0.4375 0.021484375 0.033203125
1 0.408203125 0.4140625 0.0185546875 0.025390625
1 0.314453125 0.515625 0.037109375 0.052734375