1 0.400390625 0.6474609375 0.0517578125 0.0859375
1 0.892578125 0.91796875 0.1484375 0.1611328125
1 0.337890625 0.587890625 0.0517578125 0.0693359375
1 0.5517578125 0.4775390625 0.0263671875 0.0419921875
1 0.5869140625 0.5654296875 0.041015625 0.06640625
1 0.345703125 0.484375 0.03125 0.0390625
1 0.3857421875 0.4892578125 0.029296875 0.046875
1 0.4404296875 0.484375 0.0263671875 0.0498046875
1 0.412109375 0.453125 0.0234375 0.033203125
1 0.626953125 0.45703125 0.025390625 0.0390625
1 0.5341796875 0.421875 0.0185546875 0.02734375
1 0.4580078125 0.43359375 0.017578125 0.02734375