3 0.6162109375 0.4208984375 0.048828125 0.0888671875
1 0.123046875 0.9443359375 0.150390625 0.111328125
1 0.6728515625 0.5927734375 0.052734375 0.078125
1 0.97265625 0.8984375 0.052734375 0.1611328125
1 0.2529296875 0.5927734375 0.056640625 0.0634765625
1 0.0634765625 0.8349609375 0.126953125 0.150390625
1 0.37109375 0.509765625 0.0341796875 0.046875
1 0.615234375 0.505859375 0.033203125 0.0498046875
1 0.4482421875 0.4775390625 0.0263671875 0.0390625
1 0.458984375 0.4208984375 0.0185546875 0.02734375
1 0.421875 0.4404296875 0.021484375 0.0302734375
1 0.3583984375 0.47265625 0.03125 0.0390625