3 0.7412109375 0.5517578125 0.146484375 0.236328125
1 0.677734375 0.6259765625 0.0576171875 0.0830078125
1 0.375 0.51953125 0.03125 0.0498046875
1 0.4140625 0.6240234375 0.0546875 0.0859375
1 0.5703125 0.5166015625 0.0341796875 0.0556640625
1 0.3466796875 0.47265625 0.03125 0.0419921875
1 0.45703125 0.421875 0.0185546875 0.02734375
3 0.2578125 0.5654296875 0.0673828125 0.099609375
3 0.4287109375 0.513671875 0.0390625 0.06640625
1 0.44921875 0.462890625 0.0234375 0.0390625
1 0.294921875 0.9736328125 0.1064453125 0.052734375
1 0.423828125 0.43359375 0.0205078125 0.0302734375
1 0.3857421875 0.4345703125 0.0234375 0.02734375
1 0.0947265625 0.955078125 0.1435546875 0.0888671875