3 0.37109375 0.4794921875 0.080078125 0.1474609375
1 0.20703125 0.6318359375 0.064453125 0.080078125
1 0.734375 0.9384765625 0.126953125 0.119140625
1 0.453125 0.451171875 0.0234375 0.0361328125
1 0.4326171875 0.5107421875 0.0341796875 0.05859375
1 0.5869140625 0.455078125 0.025390625 0.0390625
1 0.3330078125 0.8330078125 0.0830078125 0.1357421875
3 0.6123046875 0.427734375 0.0263671875 0.052734375
1 0.7919921875 0.6611328125 0.072265625 0.091796875
1 0.5458984375 0.4482421875 0.0234375 0.0390625
1 0.53125 0.412109375 0.017578125 0.0302734375
1 0.013671875 0.9248046875 0.0263671875 0.0859375
1 0.322265625 0.5029296875 0.0283203125 0.044921875