1 0.240234375 0.732421875 0.083984375 0.1083984375
1 0.330078125 0.60546875 0.0517578125 0.0693359375
1 0.2685546875 0.56640625 0.0546875 0.0634765625
1 0.6650390625 0.509765625 0.037109375 0.046875
1 0.3935546875 0.4794921875 0.0283203125 0.0390625
1 0.8330078125 0.8984375 0.123046875 0.1943359375
1 0.5947265625 0.4638671875 0.0234375 0.0390625
1 0.4365234375 0.4990234375 0.0283203125 0.0419921875
1 0.4228515625 0.431640625 0.0205078125 0.02734375
1 0.591796875 0.4140625 0.017578125 0.025390625
1 0.3359375 0.4931640625 0.033203125 0.0419921875
1 0.359375 0.533203125 0.0341796875 0.05859375