3 0.0927734375 0.763671875 0.185546875 0.43359375
1 0.193359375 0.849609375 0.107421875 0.138671875
1 0.369140625 0.724609375 0.0732421875 0.1083984375
1 0.619140625 0.5068359375 0.0361328125 0.0498046875
1 0.640625 0.7080078125 0.0703125 0.10546875
3 0.3359375 0.5634765625 0.052734375 0.0859375
1 0.4228515625 0.4345703125 0.0234375 0.0390625
1 0.3857421875 0.43359375 0.0185546875 0.02734375
1 0.4580078125 0.423828125 0.0205078125 0.0361328125
1 0.546875 0.44140625 0.0205078125 0.0302734375
1 0.53515625 0.4140625 0.017578125 0.0302734375
1 0.435546875 0.4111328125 0.021484375 0.02734375