1 0.390625 0.638671875 0.0595703125 0.0830078125
1 0.208984375 0.640625 0.0673828125 0.080078125
1 0.6513671875 0.55859375 0.044921875 0.0634765625
1 0.365234375 0.533203125 0.0419921875 0.0498046875
1 0.248046875 0.759765625 0.09375 0.1142578125
1 0.4033203125 0.47265625 0.029296875 0.0361328125
1 0.447265625 0.4580078125 0.021484375 0.0361328125
1 0.3466796875 0.486328125 0.029296875 0.0390625
1 0.439453125 0.408203125 0.017578125 0.025390625
1 0.390625 0.43359375 0.021484375 0.033203125
1 0.5322265625 0.392578125 0.013671875 0.02734375