1 0.197265625 0.8388671875 0.107421875 0.1357421875
3 0.400390625 0.431640625 0.056640625 0.1220703125
1 0.3056640625 0.6357421875 0.064453125 0.080078125
1 0.685546875 0.615234375 0.0576171875 0.0830078125
1 0.396484375 0.6279296875 0.0595703125 0.080078125
1 0.6650390625 0.783203125 0.0859375 0.1552734375
1 0.8935546875 0.783203125 0.119140625 0.1611328125
3 0.052734375 0.9091796875 0.10546875 0.177734375
1 0.3095703125 0.5263671875 0.0390625 0.0498046875
1 0.435546875 0.50390625 0.033203125 0.052734375
1 0.23828125 0.59765625 0.0732421875 0.099609375
1 0.587890625 0.46484375 0.025390625 0.0390625
1 0.4541015625 0.4501953125 0.0185546875 0.0302734375
1 0.58984375 0.4111328125 0.017578125 0.0302734375
1 0.470703125 0.3984375 0.015625 0.0224609375