3 0.310546875 0.5498046875 0.134765625 0.236328125
1 0.392578125 0.6474609375 0.0546875 0.080078125
1 0.435546875 0.5009765625 0.033203125 0.044921875
1 0.580078125 0.5537109375 0.0361328125 0.0615234375
1 0.787109375 0.7919921875 0.1064453125 0.169921875
1 0.7314453125 0.580078125 0.056640625 0.080078125
1 0.6455078125 0.48046875 0.033203125 0.0419921875
1 0.611328125 0.50390625 0.03125 0.052734375
1 0.22265625 0.6162109375 0.052734375 0.078125
1 0.416015625 0.4482421875 0.021484375 0.033203125
1 0.54296875 0.443359375 0.0185546875 0.033203125
1 0.458984375 0.43359375 0.0205078125 0.02734375