1 0.3798828125 0.7236328125 0.0732421875 0.10546875
1 0.3017578125 0.6416015625 0.064453125 0.0830078125
1 0.4365234375 0.509765625 0.0341796875 0.046875
1 0.3857421875 0.49609375 0.033203125 0.046875
1 0.9541015625 0.8779296875 0.091796875 0.177734375
1 0.7041015625 0.546875 0.0419921875 0.05859375
1 0.162109375 0.6962890625 0.0859375 0.10546875
1 0.1025390625 0.9501953125 0.142578125 0.09765625
1 0.615234375 0.505859375 0.033203125 0.052734375
1 0.556640625 0.4775390625 0.0263671875 0.0419921875
1 0.361328125 0.4677734375 0.0283203125 0.0390625
1 0.26953125 0.5712890625 0.0498046875 0.0615234375
1 0.455078125 0.4462890625 0.021484375 0.0361328125