1 0.318359375 0.607421875 0.056640625 0.078125
1 0.1884765625 0.841796875 0.109375 0.14453125
1 0.7548828125 0.6015625 0.060546875 0.0830078125
1 0.3984375 0.4794921875 0.029296875 0.0390625
1 0.4501953125 0.4794921875 0.0263671875 0.0302734375
1 0.216796875 0.6279296875 0.0673828125 0.080078125
1 0.458984375 0.4384765625 0.0185546875 0.0302734375
1 0.3779296875 0.654296875 0.060546875 0.0888671875
1 0.64453125 0.4736328125 0.029296875 0.0390625
1 0.361328125 0.4609375 0.0283203125 0.0361328125
1 0.4150390625 0.4482421875 0.0205078125 0.033203125
1 0.46875 0.408203125 0.017578125 0.025390625
1 0.615234375 0.44140625 0.0185546875 0.0302734375