1 0.783203125 0.798828125 0.109375 0.177734375
1 0.1455078125 0.908203125 0.134765625 0.1669921875
1 0.37109375 0.716796875 0.072265625 0.1220703125
1 0.2841796875 0.662109375 0.0625 0.080078125
1 0.2138671875 0.62890625 0.064453125 0.0751953125
1 0.3408203125 0.5537109375 0.0498046875 0.0615234375
1 0.4013671875 0.4677734375 0.0283203125 0.0361328125
1 0.4306640625 0.490234375 0.029296875 0.0390625
1 0.330078125 0.4931640625 0.0361328125 0.0419921875
1 0.62890625 0.712890625 0.080078125 0.1552734375
1 0.650390625 0.515625 0.041015625 0.0556640625
0 0.380859375 0.412109375 0.048828125 0.091796875
1 0.4560546875 0.4345703125 0.0185546875 0.02734375