3 0.0712890625 0.7412109375 0.142578125 0.4052734375
1 0.5712890625 0.56640625 0.041015625 0.0634765625
1 0.427734375 0.5400390625 0.0361328125 0.052734375
1 0.3251953125 0.599609375 0.052734375 0.080078125
1 0.6005859375 0.486328125 0.0263671875 0.0419921875
1 0.388671875 0.4873046875 0.03125 0.046875
3 0.7822265625 0.8125 0.0966796875 0.15234375
1 0.4521484375 0.443359375 0.021484375 0.033203125
1 0.734375 0.5888671875 0.052734375 0.0888671875
1 0.6328125 0.462890625 0.025390625 0.0361328125
1 0.576171875 0.4365234375 0.0205078125 0.033203125
1 0.53515625 0.4169921875 0.0185546875 0.0302734375
1 0.3623046875 0.4609375 0.0263671875 0.0390625