1 0.763671875 0.75390625 0.0908203125 0.138671875
1 0.109375 0.7587890625 0.103515625 0.10546875
1 0.3525390625 0.8251953125 0.091796875 0.1474609375
1 0.2978515625 0.6513671875 0.068359375 0.0830078125
1 0.75 0.6162109375 0.064453125 0.0830078125
1 0.1337890625 0.8916015625 0.1591796875 0.2001953125
1 0.572265625 0.55859375 0.041015625 0.06640625
1 0.3720703125 0.5166015625 0.0390625 0.052734375
1 0.427734375 0.537109375 0.0341796875 0.052734375
1 0.62890625 0.46484375 0.0283203125 0.0390625
1 0.4228515625 0.4287109375 0.0205078125 0.02734375
1 0.447265625 0.4677734375 0.025390625 0.0390625