1 0.4052734375 0.6455078125 0.0517578125 0.080078125
1 0.083984375 0.8017578125 0.126953125 0.1416015625
1 0.4189453125 0.5634765625 0.0419921875 0.0615234375
1 0.7685546875 0.6357421875 0.0654296875 0.0888671875
1 0.326171875 0.58984375 0.048828125 0.06640625
1 0.123046875 0.94140625 0.150390625 0.1162109375
1 0.3837890625 0.5087890625 0.0341796875 0.046875
1 0.6162109375 0.6767578125 0.064453125 0.1083984375
1 0.3095703125 0.525390625 0.041015625 0.0498046875
1 0.443359375 0.48046875 0.025390625 0.044921875
1 0.55859375 0.4931640625 0.029296875 0.044921875
1 0.666015625 0.505859375 0.033203125 0.044921875
1 0.4033203125 0.4609375 0.0263671875 0.0361328125