1 0.302734375 0.9404296875 0.1171875 0.119140625
1 0.40234375 0.6142578125 0.048828125 0.0693359375
1 0.2158203125 0.798828125 0.0966796875 0.138671875
1 0.3671875 0.5400390625 0.0419921875 0.05859375
3 0.373046875 0.4169921875 0.0517578125 0.0859375
3 0.423828125 0.408203125 0.0439453125 0.080078125
1 0.751953125 0.736328125 0.091796875 0.1416015625
3 0.2431640625 0.5791015625 0.0673828125 0.091796875
1 0.01171875 0.9287109375 0.021484375 0.0888671875
1 0.458984375 0.4267578125 0.0185546875 0.033203125
1 0.400390625 0.466796875 0.0263671875 0.0419921875
1 0.62890625 0.46484375 0.021484375 0.0390625
1 0.3369140625 0.4931640625 0.029296875 0.046875
1 0.470703125 0.400390625 0.017578125 0.0224609375