1 0.3515625 0.78515625 0.0859375 0.1416015625
1 0.419921875 0.546875 0.0390625 0.05859375
1 0.76953125 0.6181640625 0.078125 0.1162109375
1 0.029296875 0.8955078125 0.0576171875 0.1162109375
1 0.3369140625 0.591796875 0.0546875 0.0693359375
1 0.2587890625 0.578125 0.056640625 0.0634765625
1 0.3759765625 0.5087890625 0.03125 0.044921875
1 0.4453125 0.4541015625 0.025390625 0.0361328125
1 0.408203125 0.4599609375 0.021484375 0.033203125
1 0.6279296875 0.462890625 0.029296875 0.0419921875
1 0.3564453125 0.466796875 0.029296875 0.0390625
1 0.4658203125 0.421875 0.017578125 0.02734375
1 0.4345703125 0.4140625 0.017578125 0.025390625