3 0.158203125 0.6806640625 0.1171875 0.1611328125
1 0.76953125 0.64453125 0.0673828125 0.091796875
1 0.423828125 0.5419921875 0.0390625 0.0556640625
1 0.568359375 0.537109375 0.037109375 0.05859375
1 0.27734375 0.6845703125 0.072265625 0.0947265625
1 0.9697265625 0.9091796875 0.060546875 0.142578125
1 0.365234375 0.720703125 0.078125 0.1220703125
1 0.365234375 0.462890625 0.0283203125 0.0361328125
1 0.5947265625 0.466796875 0.0263671875 0.044921875
1 0.451171875 0.4638671875 0.0263671875 0.0361328125
1 0.287109375 0.5419921875 0.0576171875 0.078125
1 0.5400390625 0.4248046875 0.017578125 0.0224609375