1 0.361328125 0.798828125 0.083984375 0.1337890625
1 0.275390625 0.6904296875 0.0732421875 0.09765625
1 0.0859375 0.951171875 0.1640625 0.0947265625
1 0.580078125 0.5498046875 0.037109375 0.06640625
1 0.4423828125 0.4794921875 0.0263671875 0.0390625
1 0.357421875 0.53515625 0.041015625 0.0615234375
1 0.0341796875 0.904296875 0.068359375 0.15234375
1 0.4033203125 0.4638671875 0.03125 0.0498046875
3 0.6025390625 0.3984375 0.03125 0.0830078125
1 0.466796875 0.41015625 0.0185546875 0.02734375
1 0.4423828125 0.4013671875 0.015625 0.0302734375
3 0.3349609375 0.486328125 0.037109375 0.0556640625