3 0.912109375 0.7587890625 0.1748046875 0.4111328125
1 0.123046875 0.9306640625 0.1435546875 0.1357421875
1 0.3154296875 0.6259765625 0.0576171875 0.078125
1 0.154296875 0.712890625 0.091796875 0.09765625
1 0.3828125 0.5 0.03125 0.044921875
1 0.439453125 0.490234375 0.025390625 0.0390625
1 0.5498046875 0.45703125 0.0263671875 0.044921875
1 0.65234375 0.486328125 0.03125 0.0419921875
1 0.4150390625 0.591796875 0.044921875 0.06640625
1 0.63671875 0.5390625 0.041015625 0.072265625
1 0.5751953125 0.4306640625 0.0205078125 0.0361328125
1 0.341796875 0.484375 0.033203125 0.0390625