3 0.158203125 0.759765625 0.3154296875 0.4609375
1 0.345703125 0.56640625 0.044921875 0.0634765625
1 0.388671875 0.66796875 0.052734375 0.091796875
3 0.423828125 0.4072265625 0.0419921875 0.0947265625
1 0.630859375 0.51953125 0.037109375 0.052734375
1 0.4287109375 0.5322265625 0.0419921875 0.05859375
1 0.38671875 0.4873046875 0.0341796875 0.046875
1 0.318359375 0.5087890625 0.037109375 0.0498046875
1 0.5517578125 0.4501953125 0.0234375 0.0361328125
1 0.3486328125 0.8056640625 0.103515625 0.203125
1 0.578125 0.43359375 0.0205078125 0.0302734375
1 0.5947265625 0.4169921875 0.017578125 0.02734375
1 0.4541015625 0.451171875 0.0234375 0.0361328125
3 0.3486328125 0.8056640625 0.103515625 0.203125