1 0.41796875 0.5625 0.0419921875 0.05859375
1 0.369140625 0.5302734375 0.0439453125 0.052734375
1 0.314453125 0.6318359375 0.0654296875 0.0830078125
1 0.6484375 0.525390625 0.029296875 0.052734375
1 0.396484375 0.4736328125 0.029296875 0.0361328125
1 0.669921875 0.619140625 0.0546875 0.0859375
1 0.208984375 0.6484375 0.068359375 0.0859375
1 0.5927734375 0.47265625 0.025390625 0.0361328125
1 0.4404296875 0.482421875 0.0283203125 0.0498046875
1 0.326171875 0.5068359375 0.033203125 0.044921875
1 0.45703125 0.4404296875 0.0205078125 0.033203125
3 0.373046875 0.4248046875 0.0546875 0.1025390625
1 0.544921875 0.4306640625 0.0205078125 0.033203125
1 0.6337890625 0.462890625 0.0283203125 0.0361328125