1 0.392578125 0.6513671875 0.052734375 0.0830078125
3 0.6064453125 0.4140625 0.041015625 0.078125
1 0.4326171875 0.513671875 0.033203125 0.046875
1 0.568359375 0.5107421875 0.033203125 0.0498046875
1 0.298828125 0.9208984375 0.1044921875 0.1552734375
1 0.3564453125 0.4677734375 0.0283203125 0.0361328125
1 0.4541015625 0.447265625 0.0234375 0.033203125
1 0.408203125 0.4677734375 0.0263671875 0.0361328125
1 0.580078125 0.443359375 0.025390625 0.0390625
1 0.541015625 0.4267578125 0.0185546875 0.033203125
3 0.279296875 0.68359375 0.0859375 0.1162109375
3 0.181640625 0.609375 0.2158203125 0.2998046875
1 0.2802734375 0.6845703125 0.083984375 0.1162109375
1 0.896484375 0.943359375 0.119140625 0.111328125