3 0.263671875 0.662109375 0.142578125 0.19140625
1 0.9365234375 0.83984375 0.125 0.1884765625
1 0.705078125 0.8916015625 0.115234375 0.216796875
1 0.4267578125 0.5068359375 0.0341796875 0.046875
3 0.3212890625 0.4990234375 0.046875 0.0751953125
1 0.4013671875 0.466796875 0.0263671875 0.0390625
1 0.400390625 0.6015625 0.0498046875 0.0751953125
1 0.541015625 0.4365234375 0.0185546875 0.0361328125
1 0.6591796875 0.572265625 0.046875 0.0751953125
1 0.564453125 0.5107421875 0.029296875 0.052734375
1 0.4580078125 0.43359375 0.0185546875 0.0302734375
1 0.431640625 0.4169921875 0.017578125 0.02734375
1 0.3701171875 0.4541015625 0.0234375 0.0302734375