1 0.755859375 0.6181640625 0.064453125 0.091796875
1 0.3193359375 0.921875 0.107421875 0.15234375
1 0.4013671875 0.60546875 0.0546875 0.072265625
1 0.208984375 0.7724609375 0.107421875 0.1337890625
3 0.2802734375 0.4970703125 0.083984375 0.1611328125
1 0.0654296875 0.818359375 0.1201171875 0.1220703125
3 0.359375 0.482421875 0.0859375 0.1806640625
1 0.4326171875 0.50390625 0.037109375 0.05859375
1 0.59765625 0.6220703125 0.048828125 0.091796875
1 0.6396484375 0.474609375 0.0263671875 0.0390625
1 0.4521484375 0.455078125 0.0234375 0.0302734375
1 0.41015625 0.462890625 0.017578125 0.033203125
1 0.46484375 0.41796875 0.0185546875 0.025390625
1 0.6142578125 0.44140625 0.021484375 0.02734375