1 0.2294921875 0.7734375 0.1044921875 0.125
1 0.357421875 0.5498046875 0.0439453125 0.0556640625
1 0.8408203125 0.72265625 0.0859375 0.1220703125
1 0.6845703125 0.6376953125 0.060546875 0.0947265625
1 0.4267578125 0.5302734375 0.0361328125 0.052734375
1 0.6806640625 0.5263671875 0.0390625 0.052734375
1 0.28125 0.931640625 0.1298828125 0.1337890625
1 0.556640625 0.4970703125 0.033203125 0.0498046875
1 0.3955078125 0.4697265625 0.0283203125 0.0390625
1 0.30859375 0.5166015625 0.041015625 0.0556640625
1 0.7109375 0.94140625 0.0986328125 0.1162109375
3 0.453125 0.369140625 0.025390625 0.046875
1 0.4560546875 0.4365234375 0.0185546875 0.02734375
1 0.37109375 0.4580078125 0.0263671875 0.033203125