1 0.240234375 0.7529296875 0.09375 0.1162109375
1 0.3359375 0.849609375 0.099609375 0.158203125
1 0.2314453125 0.609375 0.064453125 0.072265625
1 0.6318359375 0.5322265625 0.041015625 0.0556640625
1 0.4326171875 0.5009765625 0.033203125 0.044921875
1 0.4072265625 0.4609375 0.0263671875 0.0361328125
1 0.3798828125 0.6162109375 0.056640625 0.0751953125
1 0.4541015625 0.443359375 0.025390625 0.0419921875
1 0.55078125 0.4677734375 0.025390625 0.0390625
3 0.572265625 0.4013671875 0.0283203125 0.072265625
0 0.572265625 0.4013671875 0.0283203125 0.0693359375