3 0.6669921875 0.4677734375 0.0810546875 0.138671875
1 0.1611328125 0.880859375 0.126953125 0.1474609375
1 0.2177734375 0.6357421875 0.064453125 0.078125
1 0.3857421875 0.6787109375 0.060546875 0.0859375
1 0.6298828125 0.546875 0.041015625 0.0615234375
1 0.3525390625 0.548828125 0.0419921875 0.0556640625
1 0.427734375 0.5400390625 0.0341796875 0.052734375
1 0.556640625 0.466796875 0.025390625 0.0390625
1 0.3984375 0.47265625 0.025390625 0.0390625
1 0.5830078125 0.4443359375 0.0205078125 0.033203125
1 0.419921875 0.431640625 0.0185546875 0.0302734375
1 0.537109375 0.4072265625 0.017578125 0.02734375
1 0.453125 0.451171875 0.0283203125 0.033203125