1 0.3720703125 0.669921875 0.068359375 0.10546875
1 0.3212890625 0.59765625 0.0546875 0.06640625
3 0.349609375 0.4482421875 0.052734375 0.09765625
1 0.435546875 0.5107421875 0.029296875 0.044921875
3 0.603515625 0.408203125 0.041015625 0.0859375
1 0.24609375 0.5927734375 0.068359375 0.0830078125
1 0.451171875 0.453125 0.0234375 0.0419921875
1 0.3984375 0.474609375 0.0263671875 0.0361328125
1 0.3037109375 0.525390625 0.0439453125 0.05859375
1 0.0205078125 0.9150390625 0.041015625 0.091796875
1 0.279296875 0.9619140625 0.109375 0.076171875
1 0.416015625 0.443359375 0.0234375 0.0361328125