1 0.4052734375 0.62890625 0.052734375 0.078125
1 0.6728515625 0.6083984375 0.0546875 0.0859375
1 0.8203125 0.6806640625 0.0810546875 0.10546875
1 0.3818359375 0.5068359375 0.033203125 0.046875
1 0.5595703125 0.4970703125 0.029296875 0.046875
1 0.287109375 0.546875 0.046875 0.05859375
1 0.455078125 0.443359375 0.0205078125 0.033203125
1 0.4306640625 0.4267578125 0.0185546875 0.02734375
1 0.5849609375 0.451171875 0.0234375 0.033203125
1 0.611328125 0.443359375 0.021484375 0.0302734375
1 0.4658203125 0.4140625 0.015625 0.025390625