1 0.3857421875 0.6875 0.0576171875 0.0888671875
1 0.6357421875 0.5537109375 0.037109375 0.0615234375
1 0.326171875 0.6025390625 0.052734375 0.0693359375
1 0.3818359375 0.4990234375 0.0361328125 0.044921875
1 0.4267578125 0.5556640625 0.0341796875 0.052734375
1 0.3056640625 0.529296875 0.0390625 0.0498046875
1 0.431640625 0.5087890625 0.033203125 0.044921875
1 0.71875 0.56640625 0.0498046875 0.0693359375
1 0.4462890625 0.470703125 0.021484375 0.0390625
1 0.607421875 0.671875 0.068359375 0.1416015625
1 0.6455078125 0.48046875 0.0283203125 0.0390625
1 0.541015625 0.4462890625 0.021484375 0.0361328125