1 0.3271484375 0.78515625 0.0830078125 0.1220703125
1 0.326171875 0.6044921875 0.0517578125 0.0751953125
1 0.4130859375 0.5693359375 0.0419921875 0.0615234375
1 0.1123046875 0.7734375 0.1123046875 0.125
1 0.3115234375 0.513671875 0.041015625 0.0498046875
1 0.4375 0.4990234375 0.0283203125 0.044921875
1 0.3974609375 0.474609375 0.0283203125 0.0390625
1 0.5517578125 0.455078125 0.0234375 0.0361328125
1 0.3564453125 0.4775390625 0.03125 0.0390625
1 0.447265625 0.455078125 0.025390625 0.0361328125
1 0.4267578125 0.421875 0.017578125 0.025390625
1 0.458984375 0.4287109375 0.0185546875 0.02734375
1 0.3876953125 0.431640625 0.0205078125 0.02734375