1 0.37109375 0.7431640625 0.0751953125 0.111328125
1 0.822265625 0.69140625 0.083984375 0.099609375
1 0.1904296875 0.8349609375 0.115234375 0.14453125
1 0.396484375 0.4794921875 0.0283203125 0.0419921875
1 0.4443359375 0.47265625 0.0234375 0.0361328125
1 0.2265625 0.625 0.052734375 0.080078125
3 0.392578125 0.4052734375 0.0439453125 0.0751953125
1 0.4609375 0.4287109375 0.021484375 0.02734375
3 0.353515625 0.4599609375 0.0439453125 0.078125
1 0.421875 0.44140625 0.017578125 0.025390625
1 0.4326171875 0.412109375 0.013671875 0.025390625