1 0.419921875 0.5458984375 0.0361328125 0.052734375
1 0.5712890625 0.5205078125 0.033203125 0.052734375
1 0.64453125 0.556640625 0.0439453125 0.0634765625
1 0.4404296875 0.48046875 0.0263671875 0.0390625
1 0.31640625 0.5205078125 0.0419921875 0.0498046875
1 0.38671875 0.4912109375 0.0341796875 0.046875
1 0.5966796875 0.4697265625 0.025390625 0.0390625
1 0.3486328125 0.4765625 0.0263671875 0.0390625
1 0.4501953125 0.4501953125 0.0205078125 0.033203125
1 0.46484375 0.412109375 0.0185546875 0.02734375
1 0.3056640625 0.951171875 0.115234375 0.09765625
1 0.537109375 0.4208984375 0.0185546875 0.02734375
1 0.0078125 0.9541015625 0.013671875 0.0830078125