1 0.3447265625 0.759765625 0.087890625 0.1220703125
1 0.712890625 0.669921875 0.0751953125 0.1025390625
1 0.640625 0.4775390625 0.03125 0.0419921875
1 0.3046875 0.533203125 0.0419921875 0.05859375
1 0.4287109375 0.515625 0.0390625 0.078125
1 0.451171875 0.4462890625 0.021484375 0.0302734375
3 0.322265625 0.5888671875 0.0654296875 0.09765625
1 0.576171875 0.5390625 0.0419921875 0.078125
1 0.4228515625 0.4375 0.025390625 0.033203125
1 0.322265625 0.587890625 0.064453125 0.09765625
1 0.3798828125 0.4365234375 0.0234375 0.0361328125
1 0.365234375 0.517578125 0.0341796875 0.0615234375