1 0.716796875 0.66796875 0.0703125 0.1142578125
1 0.3955078125 0.662109375 0.0625 0.0888671875
1 0.328125 0.58984375 0.056640625 0.0693359375
1 0.4404296875 0.509765625 0.033203125 0.046875
1 0.619140625 0.5234375 0.0361328125 0.0556640625
1 0.4072265625 0.466796875 0.025390625 0.0361328125
1 0.4580078125 0.4375 0.0205078125 0.0302734375
3 0.580078125 0.3857421875 0.029296875 0.05859375
1 0.548828125 0.453125 0.025390625 0.0419921875
1 0.33203125 0.494140625 0.033203125 0.044921875
1 0.412109375 0.412109375 0.017578125 0.02734375