1 0.23046875 0.7587890625 0.087890625 0.1142578125
1 0.0595703125 0.8388671875 0.119140625 0.1357421875
1 0.365234375 0.7900390625 0.078125 0.10546875
1 0.712890625 0.56640625 0.046875 0.06640625
1 0.4228515625 0.54296875 0.0419921875 0.0634765625
1 0.357421875 0.5537109375 0.041015625 0.05859375
3 0.244140625 0.5791015625 0.0654296875 0.1083984375
1 0.3935546875 0.4794921875 0.029296875 0.0390625
1 0.544921875 0.4365234375 0.021484375 0.02734375
1 0.4541015625 0.447265625 0.0205078125 0.0361328125
1 0.373046875 0.451171875 0.0234375 0.0302734375
1 0.58984375 0.466796875 0.0283203125 0.052734375