3 0.1083984375 0.75390625 0.2158203125 0.466796875
3 0.615234375 0.419921875 0.046875 0.0888671875
1 0.8671875 0.9111328125 0.123046875 0.1748046875
1 0.3076171875 0.5224609375 0.0390625 0.0498046875
1 0.44140625 0.494140625 0.033203125 0.0419921875
1 0.583984375 0.56640625 0.0439453125 0.0693359375
1 0.375 0.515625 0.03125 0.046875
1 0.595703125 0.4638671875 0.0263671875 0.0390625
1 0.544921875 0.4541015625 0.0234375 0.0361328125
1 0.375 0.6884765625 0.0751953125 0.1337890625
3 0.9150390625 0.7451171875 0.169921875 0.373046875
1 0.3701171875 0.455078125 0.0185546875 0.0302734375
1 0.419921875 0.4384765625 0.0185546875 0.0302734375
1 0.662109375 0.490234375 0.033203125 0.0615234375
1 0.564453125 0.4169921875 0.0185546875 0.02734375