0 0.3349609375 0.8095703125 0.126953125 0.27734375
1 0.6953125 0.6611328125 0.0673828125 0.09765625
1 0.4248046875 0.5615234375 0.0390625 0.0615234375
1 0.9677734375 0.9072265625 0.0625 0.18359375
1 0.189453125 0.8291015625 0.1142578125 0.1474609375
1 0.6005859375 0.6142578125 0.0517578125 0.0830078125
1 0.3798828125 0.5 0.029296875 0.044921875
1 0.4384765625 0.494140625 0.03125 0.0419921875
1 0.4248046875 0.4306640625 0.0205078125 0.0302734375
1 0.30078125 0.5361328125 0.0439453125 0.0556640625
1 0.349609375 0.482421875 0.029296875 0.0419921875
1 0.455078125 0.443359375 0.0185546875 0.0302734375