1 0.091796875 0.7666015625 0.111328125 0.119140625
1 0.365234375 0.724609375 0.078125 0.119140625
1 0.3466796875 0.4892578125 0.037109375 0.044921875
1 0.4375 0.4990234375 0.029296875 0.044921875
1 0.3037109375 0.6318359375 0.064453125 0.0859375
1 0.654296875 0.4892578125 0.03125 0.0498046875
1 0.556640625 0.48046875 0.029296875 0.044921875
1 0.455078125 0.4404296875 0.021484375 0.033203125
1 0.41015625 0.455078125 0.025390625 0.0302734375
1 0.7744140625 0.60546875 0.087890625 0.150390625
1 0.580078125 0.453125 0.0234375 0.033203125