1 0.36328125 0.76953125 0.078125 0.1162109375
1 0.8076171875 0.6806640625 0.083984375 0.1025390625
3 0.1796875 0.6015625 0.21875 0.296875
1 0.591796875 0.6123046875 0.0576171875 0.119140625
1 0.876953125 0.9404296875 0.126953125 0.119140625
1 0.3671875 0.517578125 0.037109375 0.046875
1 0.439453125 0.4990234375 0.0283203125 0.044921875
1 0.451171875 0.45703125 0.021484375 0.0361328125
1 0.404296875 0.455078125 0.0234375 0.033203125
1 0.3388671875 0.4931640625 0.03125 0.0419921875
1 0.65234375 0.5732421875 0.0390625 0.072265625
1 0.4208984375 0.4306640625 0.021484375 0.02734375
1 0.642578125 0.5302734375 0.037109375 0.052734375