1 0.341796875 0.8447265625 0.0986328125 0.169921875
1 0.2890625 0.6611328125 0.0673828125 0.0859375
1 0.615234375 0.6572265625 0.056640625 0.0888671875
1 0.6533203125 0.5615234375 0.0546875 0.072265625
1 0.4072265625 0.6142578125 0.0419921875 0.0693359375
1 0.615234375 0.49609375 0.029296875 0.044921875
1 0.4404296875 0.482421875 0.0283203125 0.0419921875
1 0.29296875 0.537109375 0.0439453125 0.052734375
1 0.4111328125 0.451171875 0.025390625 0.0419921875
1 0.544921875 0.4736328125 0.0234375 0.0361328125
1 0.712890625 0.54296875 0.0576171875 0.1083984375
1 0.384765625 0.44140625 0.021484375 0.0302734375