3 0.7958984375 0.634765625 0.111328125 0.2001953125
1 0.603515625 0.6142578125 0.052734375 0.091796875
1 0.3046875 0.6318359375 0.0654296875 0.0830078125
1 0.234375 0.6025390625 0.0595703125 0.0693359375
1 0.4208984375 0.5498046875 0.041015625 0.06640625
1 0.09765625 0.794921875 0.1201171875 0.1337890625
1 0.38671875 0.484375 0.0283203125 0.0390625
1 0.443359375 0.4775390625 0.0283203125 0.0361328125
1 0.6328125 0.546875 0.0439453125 0.072265625
1 0.3505859375 0.4677734375 0.03125 0.0419921875
1 0.4580078125 0.423828125 0.021484375 0.0390625
1 0.5517578125 0.46484375 0.025390625 0.044921875
1 0.4345703125 0.41015625 0.0185546875 0.02734375