1 0.3837890625 0.494140625 0.0361328125 0.0419921875
1 0.3974609375 0.630859375 0.0546875 0.0830078125
1 0.208984375 0.650390625 0.072265625 0.0830078125
1 0.576171875 0.5556640625 0.0361328125 0.0634765625
1 0.4365234375 0.494140625 0.029296875 0.0419921875
1 0.453125 0.447265625 0.0234375 0.033203125
1 0.42578125 0.4306640625 0.0205078125 0.0302734375
1 0.583984375 0.44140625 0.029296875 0.05859375
1 0.3984375 0.4580078125 0.025390625 0.033203125
1 0.6220703125 0.5302734375 0.0361328125 0.0615234375
1 0.310546875 0.5234375 0.0390625 0.0498046875
1 0.5595703125 0.4013671875 0.0205078125 0.0390625