1 0.7666015625 0.6337890625 0.0595703125 0.080078125
3 0.10546875 0.8876953125 0.208984375 0.2197265625
1 0.3720703125 0.51953125 0.037109375 0.0498046875
1 0.3271484375 0.505859375 0.0361328125 0.044921875
1 0.451171875 0.44140625 0.021484375 0.0302734375
1 0.47265625 0.384765625 0.0185546875 0.0302734375
1 0.5458984375 0.462890625 0.0234375 0.0390625
1 0.388671875 0.43359375 0.021484375 0.0302734375
1 0.53125 0.3916015625 0.013671875 0.025390625
3 0.6064453125 0.4775390625 0.0361328125 0.0693359375
1 0.8720703125 0.9619140625 0.123046875 0.076171875
1 0.5908203125 0.421875 0.0185546875 0.025390625
1 0.4609375 0.4140625 0.017578125 0.025390625