3 0.9404296875 0.7900390625 0.119140625 0.3837890625
1 0.4150390625 0.59765625 0.044921875 0.0693359375
1 0.4345703125 0.49609375 0.03125 0.052734375
1 0.4580078125 0.4267578125 0.0185546875 0.0302734375
1 0.431640625 0.4267578125 0.0205078125 0.0302734375
1 0.724609375 0.5849609375 0.0498046875 0.072265625
1 0.5849609375 0.4609375 0.021484375 0.0361328125
1 0.349609375 0.5400390625 0.0439453125 0.05859375
1 0.322265625 0.50390625 0.03125 0.046875
1 0.39453125 0.427734375 0.0205078125 0.02734375
1 0.541015625 0.4365234375 0.0185546875 0.033203125