3 0.05078125 0.8193359375 0.099609375 0.296875
1 0.36328125 0.7568359375 0.076171875 0.119140625
1 0.7080078125 0.9208984375 0.091796875 0.1552734375
1 0.220703125 0.7822265625 0.103515625 0.1357421875
1 0.412109375 0.5615234375 0.041015625 0.05859375
1 0.4423828125 0.486328125 0.025390625 0.0419921875
1 0.5888671875 0.5068359375 0.03125 0.0419921875
1 0.4609375 0.4248046875 0.0185546875 0.02734375
1 0.408203125 0.466796875 0.0234375 0.0390625
1 0.318359375 0.50390625 0.0419921875 0.0615234375
1 0.37890625 0.4384765625 0.021484375 0.033203125