3 0.1650390625 0.607421875 0.234375 0.322265625
1 0.826171875 0.8623046875 0.1298828125 0.205078125
1 0.4013671875 0.607421875 0.0546875 0.072265625
3 0.419921875 0.4111328125 0.0390625 0.0859375
1 0.681640625 0.52734375 0.0390625 0.052734375
1 0.107421875 0.9423828125 0.15625 0.115234375
1 0.365234375 0.529296875 0.037109375 0.0498046875
1 0.3916015625 0.48046875 0.029296875 0.0390625
1 0.2724609375 0.9609375 0.140625 0.078125
1 0.4462890625 0.482421875 0.029296875 0.0419921875
1 0.5390625 0.4248046875 0.0185546875 0.0302734375
1 0.3388671875 0.4873046875 0.033203125 0.044921875
1 0.5673828125 0.484375 0.029296875 0.0419921875