1 0.3935546875 0.4892578125 0.0341796875 0.0419921875
1 0.3505859375 0.5595703125 0.046875 0.0556640625
1 0.431640625 0.5166015625 0.0341796875 0.0498046875
1 0.755859375 0.615234375 0.0576171875 0.080078125
1 0.4072265625 0.615234375 0.048828125 0.0751953125
1 0.2529296875 0.7236328125 0.0810546875 0.10546875
1 0.31640625 0.51953125 0.037109375 0.046875
1 0.2470703125 0.607421875 0.0576171875 0.0693359375
1 0.4130859375 0.4482421875 0.0263671875 0.033203125
3 0.3662109375 0.451171875 0.03125 0.052734375
1 0.4521484375 0.4580078125 0.021484375 0.033203125
1 0.46484375 0.41796875 0.0185546875 0.025390625
1 0.630859375 0.462890625 0.0234375 0.033203125