1 0.357421875 0.77734375 0.0830078125 0.1279296875
1 0.31640625 0.615234375 0.0595703125 0.080078125
1 0.2021484375 0.6484375 0.083984375 0.0888671875
1 0.404296875 0.5947265625 0.046875 0.072265625
1 0.580078125 0.5517578125 0.041015625 0.078125
1 0.439453125 0.4794921875 0.029296875 0.0390625
1 0.677734375 0.515625 0.041015625 0.0634765625
1 0.396484375 0.466796875 0.021484375 0.0390625
1 0.3388671875 0.484375 0.0283203125 0.0390625
1 0.537109375 0.41796875 0.0185546875 0.033203125
1 0.466796875 0.40234375 0.015625 0.025390625
1 0.435546875 0.412109375 0.015625 0.025390625