3 0.041015625 0.796875 0.080078125 0.3583984375
3 0.6943359375 0.5087890625 0.095703125 0.150390625
1 0.3984375 0.6240234375 0.052734375 0.0751953125
1 0.333984375 0.5693359375 0.048828125 0.0615234375
1 0.18359375 0.857421875 0.119140625 0.1552734375
1 0.4287109375 0.537109375 0.0341796875 0.0556640625
1 0.26171875 0.5732421875 0.056640625 0.072265625
1 0.45703125 0.421875 0.0185546875 0.02734375
1 0.5556640625 0.4873046875 0.0283203125 0.044921875
1 0.404296875 0.4677734375 0.025390625 0.0390625
1 0.33984375 0.8115234375 0.0966796875 0.169921875