1 0.080078125 0.7890625 0.1142578125 0.1220703125
1 0.3671875 0.76953125 0.0859375 0.1357421875
1 0.416015625 0.552734375 0.0419921875 0.0634765625
1 0.431640625 0.5029296875 0.0361328125 0.044921875
1 0.2705078125 0.5712890625 0.0498046875 0.05859375
3 0.3701171875 0.4833984375 0.0595703125 0.1162109375
3 0.796875 0.775390625 0.123046875 0.2080078125
1 0.552734375 0.45703125 0.0205078125 0.0361328125
3 0.419921875 0.4140625 0.0419921875 0.0830078125
1 0.572265625 0.5 0.041015625 0.091796875
3 0.60546875 0.4013671875 0.0419921875 0.091796875
0 0.3701171875 0.484375 0.0595703125 0.1142578125
1 0.537109375 0.421875 0.021484375 0.0361328125