1 0.3828125 0.68359375 0.060546875 0.091796875
1 0.1640625 0.6943359375 0.0888671875 0.091796875
1 0.43359375 0.48046875 0.033203125 0.046875
1 0.56640625 0.517578125 0.03125 0.052734375
1 0.732421875 0.716796875 0.0732421875 0.1162109375
1 0.373046875 0.5166015625 0.0361328125 0.0498046875
1 0.279296875 0.662109375 0.0810546875 0.1220703125
3 0.3828125 0.408203125 0.046875 0.099609375
1 0.5380859375 0.419921875 0.021484375 0.0498046875
1 0.57421875 0.431640625 0.0185546875 0.0302734375
1 0.4365234375 0.412109375 0.015625 0.025390625