1 0.3935546875 0.6416015625 0.056640625 0.0830078125
1 0.4228515625 0.5537109375 0.037109375 0.05859375
1 0.4365234375 0.494140625 0.0283203125 0.0419921875
1 0.384765625 0.494140625 0.029296875 0.0419921875
1 0.294921875 0.955078125 0.111328125 0.0859375
3 0.751953125 0.6044921875 0.0703125 0.1142578125
1 0.583984375 0.45703125 0.021484375 0.0361328125
1 0.4580078125 0.4375 0.0205078125 0.02734375
1 0.541015625 0.4375 0.0185546875 0.0302734375
3 0.0439453125 0.880859375 0.0859375 0.1611328125
1 0.42578125 0.451171875 0.0283203125 0.0361328125
1 0.04296875 0.880859375 0.0859375 0.158203125