1 0.3125 0.923828125 0.126953125 0.150390625
1 0.3232421875 0.6044921875 0.056640625 0.0751953125
1 0.1748046875 0.6865234375 0.083984375 0.0947265625
1 0.8984375 0.9326171875 0.1328125 0.134765625
1 0.3828125 0.6884765625 0.064453125 0.0947265625
1 0.583984375 0.568359375 0.0419921875 0.072265625
1 0.283203125 0.5615234375 0.0517578125 0.0615234375
1 0.3486328125 0.4833984375 0.0283203125 0.0390625
1 0.720703125 0.5654296875 0.048828125 0.0634765625
1 0.4482421875 0.462890625 0.0263671875 0.044921875
1 0.396484375 0.48046875 0.0263671875 0.0419921875
1 0.548828125 0.4501953125 0.021484375 0.0390625
1 0.462890625 0.4248046875 0.0185546875 0.02734375
1 0.63671875 0.5361328125 0.041015625 0.0693359375