3 0.115234375 0.7529296875 0.2294921875 0.4775390625
1 0.349609375 0.83203125 0.083984375 0.1357421875
1 0.3662109375 0.7080078125 0.068359375 0.1025390625
1 0.3076171875 0.6318359375 0.060546875 0.080078125
1 0.662109375 0.818359375 0.087890625 0.169921875
1 0.294921875 0.9443359375 0.1171875 0.111328125
1 0.4208984375 0.5625 0.037109375 0.05859375
1 0.3662109375 0.544921875 0.041015625 0.0556640625
1 0.1435546875 0.927734375 0.1533203125 0.14453125
3 0.6083984375 0.41796875 0.03125 0.0615234375
1 0.439453125 0.482421875 0.033203125 0.052734375
1 0.3896484375 0.49609375 0.033203125 0.044921875