3 0.248046875 0.5419921875 0.150390625 0.224609375
1 0.6787109375 0.6416015625 0.0576171875 0.0830078125
1 0.326171875 0.587890625 0.0546875 0.080078125
1 0.455078125 0.4541015625 0.0234375 0.0302734375
1 0.955078125 0.900390625 0.0888671875 0.169921875
1 0.4111328125 0.451171875 0.021484375 0.0302734375
1 0.7021484375 0.9365234375 0.107421875 0.125
1 0.462890625 0.4111328125 0.0205078125 0.02734375
3 0.69921875 0.5419921875 0.0517578125 0.0830078125
1 0.4326171875 0.49609375 0.0341796875 0.0556640625
1 0.3828125 0.43359375 0.0205078125 0.0302734375
1 0.42578125 0.4248046875 0.0185546875 0.0302734375