1 0.720703125 0.5712890625 0.048828125 0.06640625
1 0.8291015625 0.6875 0.083984375 0.1220703125
1 0.427734375 0.5400390625 0.037109375 0.0556640625
1 0.6201171875 0.513671875 0.033203125 0.0498046875
3 0.318359375 0.5537109375 0.140625 0.275390625
1 0.412109375 0.4462890625 0.0234375 0.033203125
1 0.0146484375 0.921875 0.029296875 0.0859375
1 0.4453125 0.4677734375 0.021484375 0.0361328125
1 0.6376953125 0.4677734375 0.0263671875 0.0390625
1 0.4306640625 0.4208984375 0.015625 0.02734375
1 0.4580078125 0.43359375 0.0185546875 0.02734375