1 0.39453125 0.6552734375 0.060546875 0.0859375
1 0.111328125 0.7666015625 0.1123046875 0.119140625
1 0.6240234375 0.6787109375 0.0673828125 0.1083984375
1 0.232421875 0.6162109375 0.064453125 0.0751953125
1 0.423828125 0.5556640625 0.0390625 0.05859375
1 0.345703125 0.5634765625 0.0419921875 0.05859375
1 0.4111328125 0.451171875 0.025390625 0.033203125
1 0.447265625 0.46484375 0.0263671875 0.0419921875
1 0.5654296875 0.50390625 0.029296875 0.046875
1 0.5947265625 0.4609375 0.021484375 0.033203125
1 0.361328125 0.4599609375 0.0283203125 0.0390625