3 0.251953125 0.5234375 0.146484375 0.2197265625
1 0.435546875 0.50390625 0.033203125 0.046875
1 0.15625 0.8984375 0.123046875 0.1552734375
1 0.4130859375 0.587890625 0.0439453125 0.0634765625
1 0.58984375 0.59765625 0.048828125 0.078125
1 0.3671875 0.5390625 0.041015625 0.052734375
1 0.591796875 0.470703125 0.0263671875 0.044921875
1 0.359375 0.4677734375 0.025390625 0.0390625
1 0.458984375 0.4248046875 0.0185546875 0.033203125
1 0.392578125 0.427734375 0.0234375 0.033203125
1 0.451171875 0.453125 0.021484375 0.0302734375