1 0.3408203125 0.5732421875 0.0498046875 0.0634765625
1 0.416015625 0.5498046875 0.0390625 0.05859375
3 0.6943359375 0.8662109375 0.134765625 0.255859375
1 0.658203125 0.587890625 0.0498046875 0.0693359375
1 0.6171875 0.50390625 0.0341796875 0.0498046875
1 0.8515625 0.732421875 0.1015625 0.138671875
1 0.287109375 0.931640625 0.1376953125 0.1337890625
1 0.41015625 0.4609375 0.0234375 0.033203125
3 0.587890625 0.39453125 0.033203125 0.0634765625
1 0.3251953125 0.5068359375 0.0341796875 0.046875
1 0.45703125 0.443359375 0.0205078125 0.033203125
1 0.63671875 0.484375 0.0263671875 0.0390625
1 0.5439453125 0.4599609375 0.0234375 0.0390625