3 0.1748046875 0.609375 0.2236328125 0.302734375
3 0.634765625 0.4697265625 0.0810546875 0.14453125
1 0.3515625 0.5517578125 0.044921875 0.05859375
1 0.4150390625 0.59765625 0.046875 0.0751953125
1 0.2421875 0.7373046875 0.083984375 0.1025390625
1 0.6083984375 0.609375 0.0498046875 0.080078125
1 0.296875 0.8857421875 0.1064453125 0.171875
1 0.447265625 0.4775390625 0.0263671875 0.0390625
1 0.580078125 0.44140625 0.021484375 0.0361328125
1 0.537109375 0.4140625 0.017578125 0.0302734375
1 0.3564453125 0.4677734375 0.025390625 0.033203125
3 0.404296875 0.3974609375 0.0390625 0.0693359375
0 0.404296875 0.3974609375 0.0390625 0.0693359375
1 0.4375 0.412109375 0.017578125 0.025390625