1 0.228515625 0.76953125 0.095703125 0.1162109375
3 0.197265625 0.5849609375 0.193359375 0.263671875
1 0.41015625 0.5986328125 0.048828125 0.072265625
1 0.564453125 0.505859375 0.0283203125 0.0498046875
1 0.439453125 0.5 0.029296875 0.0419921875
1 0.349609375 0.775390625 0.0830078125 0.125
3 0.384765625 0.4638671875 0.060546875 0.10546875
1 0.666015625 0.5107421875 0.033203125 0.046875
1 0.5400390625 0.4384765625 0.0185546875 0.0302734375
1 0.45703125 0.44140625 0.0185546875 0.0302734375
1 0.36328125 0.5234375 0.052734375 0.05859375
0 0.5732421875 0.4169921875 0.03125 0.072265625
1 0.419921875 0.4375 0.015625 0.033203125