3 0.62109375 0.4267578125 0.0517578125 0.099609375
1 0.419921875 0.5615234375 0.0390625 0.05859375
1 0.21875 0.6318359375 0.0654296875 0.080078125
1 0.326171875 0.60546875 0.052734375 0.072265625
1 0.3798828125 0.49609375 0.0361328125 0.044921875
1 0.8330078125 0.8955078125 0.1376953125 0.2001953125
1 0.580078125 0.556640625 0.037109375 0.0634765625
1 0.2900390625 0.5322265625 0.041015625 0.0498046875
3 0.125 0.884765625 0.1591796875 0.22265625
3 0.5361328125 0.390625 0.0185546875 0.046875
1 0.4677734375 0.4072265625 0.017578125 0.025390625
1 0.1259765625 0.8837890625 0.1591796875 0.2197265625