3 0.685546875 0.5732421875 0.138671875 0.27734375
1 0.43359375 0.484375 0.033203125 0.044921875
1 0.1015625 0.951171875 0.154296875 0.09765625
1 0.7705078125 0.6220703125 0.0498046875 0.0859375
1 0.3642578125 0.7275390625 0.0810546875 0.130859375
1 0.3798828125 0.49609375 0.03125 0.046875
1 0.4248046875 0.4287109375 0.0205078125 0.0302734375
1 0.376953125 0.443359375 0.0263671875 0.0361328125
1 0.4033203125 0.4169921875 0.017578125 0.0224609375
1 0.455078125 0.431640625 0.017578125 0.02734375
1 0.5400390625 0.4248046875 0.0205078125 0.02734375