1 0.3662109375 0.716796875 0.0732421875 0.1025390625
1 0.29296875 0.669921875 0.0703125 0.0888671875
1 0.580078125 0.5654296875 0.0390625 0.06640625
3 0.3037109375 0.4873046875 0.103515625 0.1552734375
1 0.4130859375 0.5830078125 0.048828125 0.0634765625
1 0.443359375 0.4775390625 0.0341796875 0.046875
1 0.625 0.5234375 0.0341796875 0.052734375
1 0.400390625 0.4697265625 0.025390625 0.0361328125
1 0.134765625 0.923828125 0.1611328125 0.14453125
3 0.353515625 0.529296875 0.0546875 0.0888671875
1 0.177734375 0.69140625 0.087890625 0.09765625
3 0.4013671875 0.3974609375 0.0390625 0.0693359375
1 0.4560546875 0.427734375 0.0185546875 0.02734375
1 0.423828125 0.4345703125 0.0185546875 0.02734375