3 0.0986328125 0.830078125 0.1953125 0.328125
1 0.375 0.6640625 0.0625 0.0859375
1 0.431640625 0.5322265625 0.0341796875 0.0498046875
0 0.203125 0.59765625 0.169921875 0.2412109375
1 0.4482421875 0.4599609375 0.021484375 0.033203125
1 0.7470703125 0.591796875 0.0703125 0.1142578125
1 0.572265625 0.5263671875 0.0390625 0.05859375
1 0.33984375 0.494140625 0.03125 0.0419921875
1 0.4580078125 0.4287109375 0.017578125 0.025390625
1 0.576171875 0.43359375 0.021484375 0.02734375
1 0.404296875 0.4609375 0.025390625 0.044921875
1 0.4365234375 0.412109375 0.0185546875 0.025390625
1 0.373046875 0.5107421875 0.041015625 0.06640625