3 0.1123046875 0.818359375 0.2236328125 0.34765625
1 0.3623046875 0.7734375 0.078125 0.1220703125
3 0.2919921875 0.6484375 0.0830078125 0.125
1 0.392578125 0.4873046875 0.029296875 0.0419921875
1 0.89453125 0.9375 0.1435546875 0.125
1 0.5693359375 0.5390625 0.0341796875 0.0556640625
1 0.310546875 0.5166015625 0.041015625 0.046875
3 0.392578125 0.412109375 0.0390625 0.072265625
1 0.4326171875 0.5087890625 0.0361328125 0.0615234375
1 0.625 0.5126953125 0.0361328125 0.046875
1 0.4501953125 0.470703125 0.021484375 0.0361328125
1 0.546875 0.4404296875 0.025390625 0.046875
1 0.6416015625 0.482421875 0.029296875 0.0419921875