1 0.86328125 0.8955078125 0.1279296875 0.1943359375
1 0.705078125 0.9189453125 0.1171875 0.162109375
1 0.43359375 0.50390625 0.0341796875 0.044921875
1 0.5830078125 0.5595703125 0.0419921875 0.0634765625
1 0.447265625 0.45703125 0.025390625 0.0361328125
1 0.3076171875 0.640625 0.0654296875 0.080078125
3 0.431640625 0.3974609375 0.0283203125 0.0498046875
1 0.1845703125 0.6552734375 0.0888671875 0.1162109375
1 0.4560546875 0.4306640625 0.021484375 0.02734375
1 0.3916015625 0.4306640625 0.0185546875 0.0302734375
1 0.41796875 0.4404296875 0.0205078125 0.0302734375
1 0.470703125 0.3984375 0.017578125 0.0302734375