1 0.916015625 0.8154296875 0.1123046875 0.1357421875
1 0.123046875 0.9365234375 0.150390625 0.125
1 0.384765625 0.4892578125 0.029296875 0.044921875
1 0.201171875 0.6240234375 0.064453125 0.0693359375
1 0.412109375 0.58984375 0.044921875 0.06640625
1 0.3447265625 0.56640625 0.0439453125 0.0615234375
1 0.419921875 0.44140625 0.021484375 0.02734375
1 0.556640625 0.486328125 0.0283203125 0.046875
1 0.623046875 0.45703125 0.0234375 0.033203125
1 0.5390625 0.4140625 0.017578125 0.0302734375
1 0.462890625 0.4306640625 0.021484375 0.02734375
1 0.435546875 0.41015625 0.015625 0.02734375
1 0.3818359375 0.431640625 0.0234375 0.0390625