1 0.4072265625 0.56640625 0.046875 0.0615234375
1 0.0927734375 0.7900390625 0.1171875 0.1416015625
1 0.404296875 0.462890625 0.0283203125 0.0361328125
1 0.46484375 0.4150390625 0.0185546875 0.02734375
1 0.4453125 0.466796875 0.025390625 0.0361328125
1 0.6953125 0.8837890625 0.125 0.23046875
1 0.3212890625 0.5234375 0.041015625 0.052734375
1 0.337890625 0.568359375 0.044921875 0.05859375
1 0.3798828125 0.44140625 0.021484375 0.02734375
0 0.595703125 0.39453125 0.0361328125 0.0830078125
1 0.5390625 0.412109375 0.017578125 0.025390625