1 0.4013671875 0.625 0.052734375 0.0888671875
3 0.611328125 0.4169921875 0.044921875 0.0888671875
1 0.341796875 0.56640625 0.0498046875 0.052734375
1 0.3037109375 0.529296875 0.0439453125 0.0556640625
1 0.4384765625 0.5 0.029296875 0.0419921875
1 0.4228515625 0.5595703125 0.0390625 0.0615234375
1 0.7431640625 0.58984375 0.0546875 0.0693359375
1 0.353515625 0.466796875 0.033203125 0.0390625
1 0.388671875 0.4892578125 0.0263671875 0.0419921875
3 0.0869140625 0.740234375 0.173828125 0.244140625
1 0.458984375 0.43359375 0.017578125 0.02734375
1 0.419921875 0.443359375 0.021484375 0.033203125
0 0.087890625 0.7392578125 0.173828125 0.2470703125
1 0.576171875 0.4267578125 0.025390625 0.046875