1 0.3837890625 0.65234375 0.064453125 0.0830078125
1 0.322265625 0.6083984375 0.056640625 0.080078125
1 0.197265625 0.662109375 0.0732421875 0.0859375
1 0.603515625 0.48046875 0.029296875 0.0419921875
1 0.2900390625 0.54296875 0.046875 0.052734375
1 0.5595703125 0.474609375 0.0283203125 0.0419921875
1 0.458984375 0.431640625 0.0205078125 0.02734375
3 0.5927734375 0.3916015625 0.0283203125 0.072265625
1 0.4248046875 0.5234375 0.029296875 0.044921875
1 0.4091796875 0.4580078125 0.025390625 0.0390625
1 0.35546875 0.46484375 0.0283203125 0.0361328125
1 0.431640625 0.419921875 0.017578125 0.025390625