3 0.318359375 0.4873046875 0.064453125 0.111328125
1 0.306640625 0.9287109375 0.1171875 0.138671875
1 0.2373046875 0.7568359375 0.0888671875 0.1162109375
1 0.326171875 0.5693359375 0.048828125 0.0556640625
1 0.4462890625 0.46484375 0.025390625 0.0390625
1 0.380859375 0.5107421875 0.0283203125 0.0419921875
1 0.681640625 0.5302734375 0.041015625 0.052734375
1 0.640625 0.4794921875 0.0283203125 0.0419921875
1 0.421875 0.431640625 0.021484375 0.0302734375
1 0.3974609375 0.4208984375 0.0185546875 0.02734375
3 0.560546875 0.3876953125 0.0341796875 0.0859375
1 0.3642578125 0.4599609375 0.0234375 0.0390625