1 0.3291015625 0.58984375 0.052734375 0.06640625
1 0.7919921875 0.6455078125 0.064453125 0.0859375
1 0.1845703125 0.8251953125 0.1064453125 0.1357421875
1 0.345703125 0.75 0.078125 0.0947265625
1 0.11328125 0.7587890625 0.1064453125 0.1142578125
1 0.28515625 0.5595703125 0.056640625 0.072265625
1 0.6044921875 0.62109375 0.052734375 0.0947265625
3 0.404296875 0.3984375 0.0361328125 0.0615234375
1 0.388671875 0.4912109375 0.0263671875 0.0390625
1 0.447265625 0.453125 0.0234375 0.0302734375
1 0.34375 0.4892578125 0.029296875 0.0390625
1 0.4609375 0.4140625 0.0185546875 0.02734375