1 0.8388671875 0.697265625 0.0888671875 0.1142578125
1 0.2822265625 0.669921875 0.0732421875 0.10546875
1 0.6171875 0.650390625 0.064453125 0.119140625
1 0.283203125 0.5537109375 0.048828125 0.0556640625
1 0.6298828125 0.5302734375 0.0390625 0.0556640625
1 0.4267578125 0.5400390625 0.0361328125 0.05859375
1 0.55859375 0.5107421875 0.033203125 0.0556640625
1 0.447265625 0.4892578125 0.0234375 0.0419921875
0 0.40234375 0.431640625 0.0546875 0.111328125
1 0.458984375 0.4208984375 0.0185546875 0.02734375
3 0.40234375 0.43359375 0.0546875 0.111328125
1 0.5400390625 0.4248046875 0.0185546875 0.0302734375