1 0.1572265625 0.908203125 0.138671875 0.1748046875
3 0.3193359375 0.58203125 0.076171875 0.1279296875
1 0.20703125 0.6357421875 0.080078125 0.080078125
1 0.443359375 0.5 0.029296875 0.044921875
1 0.384765625 0.494140625 0.03125 0.0419921875
1 0.333984375 0.4912109375 0.033203125 0.0419921875
3 0.673828125 0.486328125 0.0625 0.1142578125
1 0.419921875 0.4375 0.0205078125 0.0302734375
1 0.45703125 0.4462890625 0.0263671875 0.044921875
1 0.4052734375 0.4638671875 0.021484375 0.0361328125
1 0.6171875 0.4462890625 0.021484375 0.033203125