3 0.83984375 0.6552734375 0.2158203125 0.328125
3 0.609375 0.4140625 0.048828125 0.091796875
1 0.232421875 0.6181640625 0.0625 0.0751953125
1 0.3037109375 0.634765625 0.060546875 0.080078125
1 0.4462890625 0.453125 0.021484375 0.033203125
1 0.65234375 0.56640625 0.041015625 0.0693359375
1 0.5478515625 0.4580078125 0.025390625 0.0390625
1 0.1279296875 0.912109375 0.1611328125 0.171875
1 0.5947265625 0.599609375 0.056640625 0.1025390625
1 0.6494140625 0.48046875 0.029296875 0.044921875
1 0.392578125 0.48046875 0.0283203125 0.0390625
1 0.5595703125 0.4111328125 0.0185546875 0.02734375
1 0.462890625 0.419921875 0.021484375 0.025390625