1 0.208984375 0.7998046875 0.107421875 0.1474609375
1 0.6640625 0.7900390625 0.0830078125 0.1552734375
1 0.85546875 0.7177734375 0.1044921875 0.1474609375
1 0.44140625 0.466796875 0.029296875 0.0419921875
1 0.267578125 0.5751953125 0.0576171875 0.072265625
1 0.4072265625 0.6025390625 0.048828125 0.0693359375
1 0.408203125 0.4599609375 0.025390625 0.0361328125
3 0.388671875 0.419921875 0.0283203125 0.046875
1 0.541015625 0.451171875 0.0205078125 0.0361328125
1 0.45703125 0.4267578125 0.017578125 0.02734375
1 0.564453125 0.5009765625 0.029296875 0.046875
1 0.279296875 0.9765625 0.107421875 0.046875
3 0.376953125 0.5009765625 0.037109375 0.0634765625