1 0.392578125 0.6279296875 0.056640625 0.0751953125
1 0.0693359375 0.8154296875 0.134765625 0.1357421875
1 0.22265625 0.763671875 0.091796875 0.1162109375
1 0.4365234375 0.5068359375 0.029296875 0.0556640625
1 0.6181640625 0.5068359375 0.0341796875 0.046875
1 0.3642578125 0.75 0.0703125 0.1142578125
1 0.5546875 0.47265625 0.029296875 0.044921875
1 0.396484375 0.4697265625 0.0234375 0.033203125
1 0.4453125 0.47265625 0.0234375 0.0390625
3 0.384765625 0.4248046875 0.03125 0.0556640625
1 0.4228515625 0.4306640625 0.0185546875 0.02734375
1 0.4541015625 0.4365234375 0.0205078125 0.0302734375
3 0.35546875 0.5302734375 0.044921875 0.078125
1 0.5849609375 0.4462890625 0.021484375 0.0361328125