1 0.1630859375 0.701171875 0.087890625 0.09765625
1 0.6337890625 0.5205078125 0.0390625 0.046875
1 0.728515625 0.5830078125 0.056640625 0.0751953125
1 0.431640625 0.525390625 0.0361328125 0.05859375
1 0.3642578125 0.51953125 0.0419921875 0.0556640625
1 0.5595703125 0.49609375 0.0283203125 0.046875
1 0.365234375 0.7265625 0.078125 0.1220703125
1 0.615234375 0.6572265625 0.060546875 0.09765625
1 0.3046875 0.5302734375 0.0419921875 0.052734375
1 0.10546875 0.96484375 0.1357421875 0.0693359375
3 0.970703125 0.8447265625 0.0576171875 0.3056640625
3 0.3857421875 0.412109375 0.048828125 0.0859375
1 0.650390625 0.482421875 0.03125 0.0419921875