1 0.271484375 0.7099609375 0.0751953125 0.111328125
1 0.658203125 0.5927734375 0.0498046875 0.0751953125
3 0.365234375 0.517578125 0.046875 0.0751953125
1 0.4228515625 0.552734375 0.044921875 0.06640625
1 0.947265625 0.8662109375 0.1044921875 0.1943359375
1 0.5693359375 0.513671875 0.0341796875 0.052734375
1 0.2626953125 0.587890625 0.0546875 0.072265625
1 0.4404296875 0.470703125 0.0283203125 0.0390625
1 0.654296875 0.4912109375 0.037109375 0.0615234375
1 0.431640625 0.419921875 0.0185546875 0.02734375
1 0.4658203125 0.4150390625 0.017578125 0.0224609375
3 0.45703125 0.365234375 0.0234375 0.0498046875