1 0.7607421875 0.62109375 0.068359375 0.099609375
1 0.0439453125 0.91796875 0.087890625 0.14453125
1 0.294921875 0.6650390625 0.0732421875 0.091796875
1 0.9326171875 0.8427734375 0.1298828125 0.171875
1 0.396484375 0.615234375 0.0517578125 0.078125
1 0.638671875 0.5537109375 0.044921875 0.0634765625
1 0.4345703125 0.5107421875 0.03125 0.044921875
1 0.3486328125 0.5595703125 0.0390625 0.0556640625
1 0.6669921875 0.509765625 0.037109375 0.052734375
1 0.263671875 0.5830078125 0.0576171875 0.06640625
1 0.3251953125 0.83984375 0.099609375 0.1611328125
1 0.4521484375 0.453125 0.0234375 0.033203125
1 0.3203125 0.505859375 0.0341796875 0.0498046875