1 0.1083984375 0.9345703125 0.154296875 0.130859375
1 0.0849609375 0.7900390625 0.123046875 0.14453125
1 0.404296875 0.6083984375 0.048828125 0.072265625
1 0.34765625 0.576171875 0.048828125 0.0615234375
1 0.8984375 0.794921875 0.1064453125 0.1474609375
1 0.275390625 0.9521484375 0.1171875 0.095703125
1 0.3935546875 0.484375 0.0283203125 0.0361328125
1 0.4140625 0.44140625 0.0234375 0.033203125
1 0.439453125 0.4970703125 0.0263671875 0.044921875
1 0.3642578125 0.515625 0.0361328125 0.046875
3 0.439453125 0.3837890625 0.03125 0.0693359375
1 0.546875 0.4404296875 0.021484375 0.0361328125
1 0.4443359375 0.4638671875 0.021484375 0.033203125
3 0.408203125 0.3876953125 0.033203125 0.05859375
1 0.3779296875 0.4443359375 0.021484375 0.02734375
3 0.685546875 0.5126953125 0.0546875 0.099609375