1 0.2470703125 0.599609375 0.0576171875 0.072265625
1 0.705078125 0.6474609375 0.060546875 0.0947265625
1 0.30078125 0.6318359375 0.0673828125 0.091796875
1 0.392578125 0.484375 0.03125 0.0419921875
1 0.568359375 0.525390625 0.0361328125 0.05859375
1 0.4443359375 0.4775390625 0.025390625 0.0390625
1 0.2783203125 0.9404296875 0.140625 0.1162109375
1 0.4072265625 0.5732421875 0.0439453125 0.072265625
1 0.4560546875 0.4375 0.0185546875 0.0302734375
1 0.41796875 0.4375 0.021484375 0.0302734375
1 0.5341796875 0.419921875 0.0185546875 0.02734375
1 0.560546875 0.4140625 0.015625 0.025390625
1 0.3740234375 0.453125 0.025390625 0.0361328125