1 0.3525390625 0.794921875 0.080078125 0.1220703125
3 0.1142578125 0.794921875 0.2265625 0.3916015625
1 0.716796875 0.66796875 0.0625 0.0947265625
1 0.26171875 0.7138671875 0.076171875 0.099609375
1 0.4228515625 0.537109375 0.0390625 0.0556640625
1 0.337890625 0.5693359375 0.046875 0.0615234375
1 0.6982421875 0.548828125 0.046875 0.06640625
1 0.404296875 0.4697265625 0.021484375 0.033203125
1 0.201171875 0.642578125 0.0576171875 0.072265625
1 0.4248046875 0.4287109375 0.0185546875 0.02734375
3 0.3896484375 0.4072265625 0.0390625 0.0751953125
1 0.462890625 0.4248046875 0.017578125 0.02734375
1 0.3525390625 0.47265625 0.021484375 0.0361328125