1 0.3955078125 0.654296875 0.0595703125 0.0888671875
1 0.728515625 0.580078125 0.056640625 0.078125
1 0.048828125 0.861328125 0.0966796875 0.1474609375
1 0.626953125 0.515625 0.0361328125 0.0498046875
1 0.2705078125 0.703125 0.076171875 0.099609375
1 0.439453125 0.4775390625 0.029296875 0.0419921875
1 0.3798828125 0.5009765625 0.03125 0.0419921875
1 0.4111328125 0.4580078125 0.025390625 0.0361328125
1 0.626953125 0.4609375 0.0234375 0.0361328125
1 0.4326171875 0.4140625 0.017578125 0.025390625
1 0.462890625 0.4140625 0.017578125 0.025390625