3 0.8447265625 0.640625 0.244140625 0.3916015625
1 0.359375 0.7626953125 0.0810546875 0.1162109375
1 0.29296875 0.658203125 0.0703125 0.0888671875
1 0.4140625 0.55859375 0.0439453125 0.05859375
1 0.091796875 0.77734375 0.115234375 0.1279296875
3 0.3740234375 0.427734375 0.0390625 0.072265625
3 0.4296875 0.3984375 0.037109375 0.0830078125
1 0.5947265625 0.5595703125 0.041015625 0.06640625
3 0.6591796875 0.47265625 0.0595703125 0.1025390625
1 0.451171875 0.466796875 0.0263671875 0.0419921875
1 0.3818359375 0.4912109375 0.0341796875 0.05859375
1 0.46875 0.4072265625 0.015625 0.02734375