1 0.662109375 0.580078125 0.048828125 0.078125
1 0.4365234375 0.517578125 0.03125 0.046875
1 0.3056640625 0.6279296875 0.0625 0.0751953125
3 0.91015625 0.7724609375 0.177734375 0.421875
3 0.6318359375 0.443359375 0.0576171875 0.10546875
3 0.021484375 0.8115234375 0.04296875 0.306640625
1 0.2822265625 0.5498046875 0.0498046875 0.0634765625
3 0.3857421875 0.6708984375 0.0732421875 0.1220703125
1 0.5439453125 0.4384765625 0.0234375 0.0361328125
1 0.451171875 0.466796875 0.0234375 0.0361328125
1 0.4140625 0.4501953125 0.0205078125 0.0302734375
1 0.5703125 0.505859375 0.0419921875 0.0947265625
1 0.376953125 0.453125 0.0234375 0.033203125
1 0.5732421875 0.43359375 0.021484375 0.0302734375
1 0.4658203125 0.421875 0.0205078125 0.02734375
1 0.427734375 0.421875 0.0185546875 0.02734375