1 0.1318359375 0.7470703125 0.103515625 0.1142578125
1 0.916015625 0.80859375 0.1298828125 0.1669921875
1 0.0771484375 0.9521484375 0.154296875 0.095703125
1 0.423828125 0.5712890625 0.0439453125 0.06640625
1 0.5986328125 0.607421875 0.048828125 0.080078125
1 0.349609375 0.5595703125 0.044921875 0.06640625
1 0.39453125 0.484375 0.0283203125 0.0419921875
1 0.4150390625 0.4501953125 0.021484375 0.033203125
1 0.349609375 0.48046875 0.029296875 0.044921875
1 0.5947265625 0.46484375 0.029296875 0.044921875
1 0.544921875 0.4580078125 0.025390625 0.046875
1 0.4541015625 0.44140625 0.0185546875 0.02734375
1 0.533203125 0.4208984375 0.017578125 0.02734375