1 0.20703125 0.796875 0.103515625 0.1337890625
1 0.298828125 0.912109375 0.1044921875 0.169921875
1 0.375 0.515625 0.037109375 0.0498046875
1 0.43359375 0.4912109375 0.033203125 0.044921875
3 0.771484375 0.5888671875 0.087890625 0.15234375
3 0.830078125 0.80859375 0.1611328125 0.294921875
1 0.408203125 0.60546875 0.046875 0.080078125
1 0.263671875 0.5859375 0.0595703125 0.0693359375
1 0.4072265625 0.46484375 0.025390625 0.033203125
1 0.5498046875 0.455078125 0.025390625 0.0361328125
1 0.3642578125 0.462890625 0.029296875 0.0361328125
1 0.4599609375 0.4287109375 0.017578125 0.02734375