1 0.4365234375 0.5087890625 0.03125 0.046875
1 0.216796875 0.6181640625 0.056640625 0.072265625
1 0.3857421875 0.49609375 0.029296875 0.044921875
1 0.39453125 0.619140625 0.046875 0.072265625
1 0.4111328125 0.455078125 0.0234375 0.033203125
3 0.701171875 0.6474609375 0.076171875 0.1416015625
1 0.451171875 0.451171875 0.021484375 0.0302734375
1 0.662109375 0.5029296875 0.037109375 0.046875
2 0.263671875 0.828125 0.025390625 0.0751953125
3 0.5595703125 0.4912109375 0.033203125 0.0634765625
1 0.46484375 0.41015625 0.017578125 0.025390625
3 0.30859375 0.4765625 0.0654296875 0.119140625