1 0.626953125 0.7294921875 0.0751953125 0.130859375
1 0.400390625 0.654296875 0.052734375 0.0888671875
1 0.736328125 0.5986328125 0.0517578125 0.0751953125
1 0.6376953125 0.5634765625 0.0439453125 0.0634765625
1 0.34375 0.58984375 0.046875 0.06640625
1 0.447265625 0.4736328125 0.0283203125 0.0390625
1 0.0185546875 0.9140625 0.037109375 0.0947265625
1 0.3935546875 0.486328125 0.025390625 0.0419921875
1 0.58984375 0.4638671875 0.0234375 0.033203125
1 0.642578125 0.474609375 0.03125 0.044921875
1 0.3330078125 0.5009765625 0.0361328125 0.046875
1 0.4228515625 0.4384765625 0.0185546875 0.0302734375