3 0.12109375 0.705078125 0.240234375 0.4248046875
1 0.4189453125 0.568359375 0.0419921875 0.0615234375
1 0.6552734375 0.5849609375 0.0517578125 0.072265625
1 0.384765625 0.494140625 0.03125 0.044921875
1 0.443359375 0.4609375 0.025390625 0.0390625
1 0.974609375 0.931640625 0.048828125 0.1162109375
1 0.4580078125 0.421875 0.0185546875 0.02734375
1 0.4287109375 0.4208984375 0.0205078125 0.02734375
1 0.6923828125 0.931640625 0.115234375 0.1337890625
1 0.404296875 0.4150390625 0.017578125 0.0224609375
3 0.677734375 0.5107421875 0.0419921875 0.0693359375