1 0.7373046875 0.7001953125 0.076171875 0.1162109375
1 0.66015625 0.8623046875 0.0888671875 0.1748046875
1 0.12890625 0.91796875 0.1591796875 0.158203125
1 0.4169921875 0.55859375 0.0419921875 0.0615234375
1 0.380859375 0.5009765625 0.0361328125 0.044921875
1 0.4365234375 0.486328125 0.0263671875 0.0419921875
1 0.458984375 0.4306640625 0.0185546875 0.0302734375
1 0.6162109375 0.443359375 0.021484375 0.0302734375
1 0.646484375 0.48046875 0.029296875 0.0390625
1 0.583984375 0.4580078125 0.021484375 0.0361328125
1 0.294921875 0.927734375 0.111328125 0.14453125
1 0.556640625 0.4873046875 0.0283203125 0.044921875