1 0.798828125 0.8095703125 0.103515625 0.1552734375
1 0.162109375 0.837890625 0.125 0.1416015625
3 0.638671875 0.4443359375 0.0654296875 0.1162109375
1 0.412109375 0.587890625 0.0439453125 0.0615234375
1 0.30859375 0.5205078125 0.041015625 0.0498046875
1 0.154296875 0.693359375 0.0908203125 0.0947265625
1 0.4423828125 0.47265625 0.029296875 0.0390625
1 0.5830078125 0.568359375 0.0439453125 0.0859375
1 0.541015625 0.4404296875 0.0205078125 0.033203125
1 0.396484375 0.4775390625 0.0283203125 0.0390625
1 0.5634765625 0.4111328125 0.0205078125 0.033203125
1 0.599609375 0.484375 0.0283203125 0.0498046875
1 0.4658203125 0.4150390625 0.015625 0.0224609375