1 0.306640625 0.9013671875 0.1064453125 0.1640625
1 0.349609375 0.5615234375 0.044921875 0.05859375
1 0.44140625 0.4931640625 0.025390625 0.0419921875
1 0.322265625 0.509765625 0.0390625 0.046875
1 0.396484375 0.6220703125 0.052734375 0.0888671875
3 0.62109375 0.4912109375 0.041015625 0.091796875
1 0.3984375 0.4775390625 0.0263671875 0.044921875
1 0.5537109375 0.486328125 0.0263671875 0.044921875
1 0.453125 0.4462890625 0.0234375 0.0390625
1 0.41015625 0.4501953125 0.0205078125 0.0302734375
1 0.3681640625 0.4580078125 0.025390625 0.033203125
1 0.5380859375 0.4248046875 0.0205078125 0.02734375