1 0.2216796875 0.6142578125 0.0654296875 0.072265625
1 0.3271484375 0.59765625 0.0498046875 0.0693359375
1 0.4423828125 0.5 0.0283203125 0.0419921875
1 0.04296875 0.8583984375 0.0859375 0.18359375
1 0.400390625 0.6123046875 0.052734375 0.0830078125
1 0.3330078125 0.4931640625 0.0361328125 0.046875
1 0.455078125 0.44140625 0.021484375 0.0302734375
1 0.408203125 0.4609375 0.025390625 0.0361328125
1 0.556640625 0.47265625 0.0263671875 0.0390625
1 0.3857421875 0.4345703125 0.0205078125 0.0302734375
1 0.4677734375 0.41015625 0.017578125 0.0224609375