3 0.6845703125 0.5009765625 0.087890625 0.15234375
1 0.236328125 0.7333984375 0.09375 0.10546875
1 0.228515625 0.6142578125 0.064453125 0.072265625
1 0.40625 0.6083984375 0.046875 0.0693359375
1 0.345703125 0.5556640625 0.044921875 0.0615234375
1 0.5673828125 0.517578125 0.033203125 0.0556640625
1 0.4287109375 0.5 0.03125 0.046875
1 0.763671875 0.6123046875 0.0625 0.099609375
1 0.40234375 0.4638671875 0.0263671875 0.0361328125
1 0.54296875 0.4482421875 0.0205078125 0.033203125
1 0.58984375 0.470703125 0.0234375 0.0390625