1 0.3857421875 0.65234375 0.0595703125 0.0830078125
1 0.259765625 0.71484375 0.083984375 0.1083984375
1 0.7353515625 0.5791015625 0.0595703125 0.0947265625
1 0.341796875 0.5517578125 0.048828125 0.05859375
1 0.6474609375 0.5732421875 0.048828125 0.080078125
1 0.2548828125 0.578125 0.056640625 0.0615234375
1 0.6337890625 0.486328125 0.029296875 0.0419921875
1 0.4013671875 0.4697265625 0.0263671875 0.0419921875
1 0.4443359375 0.4697265625 0.0263671875 0.0390625
1 0.466796875 0.408203125 0.017578125 0.025390625
1 0.4169921875 0.44140625 0.0205078125 0.02734375