1 0.3427734375 0.8779296875 0.099609375 0.1552734375
1 0.755859375 0.6181640625 0.064453125 0.078125
1 0.423828125 0.5517578125 0.0439453125 0.072265625
1 0.3505859375 0.552734375 0.044921875 0.0615234375
1 0.4462890625 0.447265625 0.0205078125 0.0302734375
1 0.3251953125 0.505859375 0.033203125 0.044921875
1 0.458984375 0.4267578125 0.0185546875 0.0302734375
1 0.244140625 0.763671875 0.0888671875 0.119140625
1 0.384765625 0.4892578125 0.0283203125 0.046875
1 0.431640625 0.419921875 0.0185546875 0.02734375
1 0.3681640625 0.45703125 0.025390625 0.033203125