1 0.3818359375 0.6767578125 0.064453125 0.091796875
3 0.2587890625 0.6640625 0.1748046875 0.2724609375
1 0.369140625 0.515625 0.0361328125 0.052734375
1 0.4326171875 0.517578125 0.033203125 0.046875
1 0.44921875 0.447265625 0.021484375 0.0361328125
1 0.607421875 0.4892578125 0.029296875 0.044921875
1 0.0322265625 0.8759765625 0.064453125 0.1357421875
1 0.5849609375 0.5654296875 0.0439453125 0.06640625
1 0.38671875 0.4375 0.025390625 0.0361328125
3 0.3232421875 0.5419921875 0.0703125 0.14453125
1 0.419921875 0.44140625 0.0185546875 0.0302734375
1 0.4609375 0.421875 0.0205078125 0.0419921875
1 0.435546875 0.4111328125 0.0185546875 0.0302734375