1 0.380859375 0.736328125 0.0732421875 0.1142578125
3 0.06640625 0.8017578125 0.1328125 0.236328125
1 0.146484375 0.9169921875 0.1484375 0.1611328125
1 0.3232421875 0.5947265625 0.0498046875 0.0693359375
1 0.7255859375 0.7138671875 0.0859375 0.1474609375
1 0.4453125 0.4775390625 0.0263671875 0.0390625
1 0.6865234375 0.529296875 0.041015625 0.052734375
1 0.3828125 0.5009765625 0.0341796875 0.046875
1 0.4208984375 0.5390625 0.0361328125 0.052734375
1 0.564453125 0.5263671875 0.033203125 0.0556640625
3 0.392578125 0.3984375 0.041015625 0.0751953125
1 0.591796875 0.4580078125 0.0234375 0.0361328125
1 0.630859375 0.462890625 0.0263671875 0.033203125
1 0.298828125 0.533203125 0.0419921875 0.05859375
1 0.4150390625 0.4443359375 0.025390625 0.0390625
1 0.458984375 0.4365234375 0.0205078125 0.025390625
3 0.3193359375 0.5009765625 0.0439453125 0.05859375