1 0.744140625 0.60546875 0.060546875 0.0830078125
1 0.3701171875 0.7177734375 0.0654296875 0.1142578125
1 0.4140625 0.5615234375 0.044921875 0.0693359375
1 0.7265625 0.6904296875 0.078125 0.1142578125
1 0.44140625 0.4736328125 0.0263671875 0.0361328125
1 0.380859375 0.5087890625 0.0341796875 0.0498046875
1 0.732421875 0.931640625 0.126953125 0.1337890625
1 0.61328125 0.6123046875 0.046875 0.080078125
1 0.4140625 0.443359375 0.0205078125 0.0302734375
1 0.455078125 0.4404296875 0.0205078125 0.0302734375
1 0.5966796875 0.47265625 0.0234375 0.0361328125
1 0.4326171875 0.4140625 0.017578125 0.025390625
1 0.333984375 0.4931640625 0.033203125 0.0419921875
1 0.376953125 0.4462890625 0.0234375 0.0302734375