0 0.181640625 0.6162109375 0.171875 0.244140625
1 0.70703125 0.654296875 0.064453125 0.09765625
1 0.400390625 0.6259765625 0.0517578125 0.0751953125
1 0.568359375 0.525390625 0.0341796875 0.0615234375
1 0.388671875 0.4873046875 0.0283203125 0.044921875
1 0.44140625 0.4892578125 0.0263671875 0.044921875
1 0.642578125 0.48046875 0.03125 0.0390625
1 0.7021484375 0.9287109375 0.109375 0.1416015625
1 0.3603515625 0.474609375 0.0283203125 0.0419921875
1 0.462890625 0.423828125 0.0234375 0.02734375
1 0.5439453125 0.4384765625 0.0205078125 0.0302734375
1 0.41796875 0.4404296875 0.0205078125 0.0302734375
1 0.38671875 0.4345703125 0.021484375 0.0302734375
1 0.9677734375 0.921875 0.064453125 0.1220703125