1 0.1416015625 0.890625 0.150390625 0.1806640625
1 0.693359375 0.5458984375 0.041015625 0.0615234375
1 0.23828125 0.607421875 0.0576171875 0.0693359375
1 0.4345703125 0.5087890625 0.029296875 0.046875
1 0.3583984375 0.5361328125 0.037109375 0.052734375
1 0.3017578125 0.9384765625 0.111328125 0.1220703125
1 0.349609375 0.484375 0.03125 0.044921875
1 0.55859375 0.4111328125 0.0185546875 0.033203125
1 0.552734375 0.462890625 0.0263671875 0.044921875
3 0.400390625 0.412109375 0.0234375 0.0419921875
1 0.4560546875 0.443359375 0.0185546875 0.033203125