3 0.125 0.802734375 0.248046875 0.3779296875
1 0.419921875 0.5654296875 0.0390625 0.0634765625
1 0.65625 0.787109375 0.087890625 0.15234375
1 0.3466796875 0.759765625 0.0810546875 0.125
1 0.435546875 0.494140625 0.033203125 0.0419921875
1 0.279296875 0.6708984375 0.0625 0.0888671875
3 0.1513671875 0.556640625 0.2529296875 0.2197265625
1 0.322265625 0.50390625 0.0361328125 0.044921875
1 0.681640625 0.5205078125 0.037109375 0.052734375
1 0.544921875 0.4580078125 0.0234375 0.0390625
1 0.4521484375 0.447265625 0.021484375 0.033203125
1 0.6376953125 0.5419921875 0.048828125 0.0751953125
1 0.3837890625 0.484375 0.037109375 0.0615234375
1 0.4091796875 0.451171875 0.0185546875 0.033203125
3 0.427734375 0.41015625 0.0234375 0.046875
1 0.458984375 0.419921875 0.0185546875 0.02734375