1 0.6455078125 0.8291015625 0.087890625 0.1748046875
1 0.126953125 0.74609375 0.091796875 0.1083984375
1 0.841796875 0.9091796875 0.1328125 0.181640625
1 0.3115234375 0.6044921875 0.056640625 0.078125
1 0.123046875 0.9248046875 0.142578125 0.1474609375
1 0.435546875 0.4892578125 0.0283203125 0.044921875
1 0.35546875 0.5302734375 0.0390625 0.0498046875
1 0.40234375 0.470703125 0.03125 0.0390625
1 0.404296875 0.5927734375 0.0517578125 0.0751953125
3 0.36328125 0.4501953125 0.0361328125 0.0556640625
1 0.6806640625 0.5234375 0.0361328125 0.0498046875
1 0.625 0.4599609375 0.025390625 0.033203125
1 0.462890625 0.4169921875 0.0185546875 0.025390625
1 0.533203125 0.4140625 0.015625 0.025390625