3 0.2919921875 0.49609375 0.111328125 0.1611328125
1 0.3603515625 0.75 0.0810546875 0.1142578125
1 0.3642578125 0.537109375 0.0419921875 0.052734375
1 0.701171875 0.556640625 0.046875 0.0634765625
1 0.4365234375 0.490234375 0.0263671875 0.044921875
1 0.01953125 0.8974609375 0.037109375 0.10546875
1 0.5927734375 0.4638671875 0.0263671875 0.0419921875
1 0.263671875 0.6982421875 0.072265625 0.099609375
1 0.3720703125 0.447265625 0.025390625 0.0390625
1 0.55078125 0.46484375 0.0263671875 0.044921875
1 0.423828125 0.4306640625 0.0205078125 0.02734375
3 0.4111328125 0.3857421875 0.033203125 0.072265625