3 0.224609375 0.6865234375 0.2001953125 0.3193359375
1 0.3818359375 0.7138671875 0.064453125 0.09765625
1 0.580078125 0.533203125 0.037109375 0.0615234375
1 0.431640625 0.494140625 0.0341796875 0.0498046875
3 0.6064453125 0.41015625 0.0419921875 0.080078125
1 0.59375 0.47265625 0.0263671875 0.044921875
1 0.373046875 0.49609375 0.029296875 0.046875
1 0.466796875 0.41015625 0.0185546875 0.0224609375
1 0.5390625 0.4384765625 0.0205078125 0.0302734375
1 0.4130859375 0.447265625 0.0234375 0.0302734375
3 0.1201171875 0.662109375 0.2392578125 0.4169921875
1 0.6591796875 0.759765625 0.080078125 0.138671875
1 0.443359375 0.400390625 0.015625 0.0224609375