1 0.333984375 0.8759765625 0.0966796875 0.1552734375
1 0.294921875 0.6318359375 0.064453125 0.078125
1 0.70703125 0.6572265625 0.0654296875 0.09765625
1 0.41796875 0.5498046875 0.0390625 0.05859375
1 0.458984375 0.4443359375 0.021484375 0.033203125
1 0.443359375 0.470703125 0.0263671875 0.0390625
1 0.26171875 0.568359375 0.046875 0.0615234375
1 0.400390625 0.4697265625 0.0283203125 0.0361328125
1 0.548828125 0.4697265625 0.025390625 0.0419921875
1 0.36328125 0.4599609375 0.0263671875 0.033203125
3 0.455078125 0.3662109375 0.0234375 0.052734375
1 0.4306640625 0.423828125 0.0205078125 0.02734375
3 0.630859375 0.5068359375 0.0517578125 0.1162109375