1 0.32421875 0.869140625 0.091796875 0.1474609375
1 0.5908203125 0.587890625 0.048828125 0.080078125
1 0.2744140625 0.693359375 0.0751953125 0.09765625
3 0.607421875 0.412109375 0.0439453125 0.080078125
1 0.6875 0.537109375 0.041015625 0.0556640625
1 0.3662109375 0.515625 0.0390625 0.046875
1 0.439453125 0.4873046875 0.0263671875 0.044921875
1 0.4091796875 0.5927734375 0.0439453125 0.06640625
1 0.5888671875 0.4580078125 0.025390625 0.0361328125
1 0.4140625 0.447265625 0.021484375 0.033203125
1 0.544921875 0.4541015625 0.021484375 0.033203125
1 0.458984375 0.4306640625 0.017578125 0.0302734375
1 0.564453125 0.4169921875 0.0185546875 0.01953125