3 0.369140625 0.482421875 0.0810546875 0.1552734375
1 0.291015625 0.6708984375 0.0595703125 0.0859375
1 0.166015625 0.880859375 0.123046875 0.158203125
1 0.2548828125 0.58203125 0.056640625 0.0693359375
1 0.6025390625 0.6748046875 0.056640625 0.111328125
1 0.060546875 0.83984375 0.1201171875 0.150390625
1 0.458984375 0.421875 0.0185546875 0.033203125
1 0.4326171875 0.4970703125 0.033203125 0.0498046875
1 0.548828125 0.466796875 0.021484375 0.0390625
1 0.736328125 0.580078125 0.056640625 0.099609375
3 0.341796875 0.4482421875 0.0654296875 0.125
1 0.591796875 0.462890625 0.0234375 0.0390625
1 0.294921875 0.978515625 0.10546875 0.04296875