1 0.1279296875 0.734375 0.103515625 0.1220703125
1 0.7353515625 0.5947265625 0.0517578125 0.0634765625
1 0.4462890625 0.4775390625 0.0263671875 0.0390625
1 0.6513671875 0.5625 0.0419921875 0.0634765625
1 0.4091796875 0.609375 0.046875 0.0751953125
1 0.5888671875 0.5654296875 0.0390625 0.06640625
1 0.337890625 0.572265625 0.046875 0.0615234375
1 0.666015625 0.5107421875 0.0341796875 0.046875
1 0.408203125 0.4599609375 0.021484375 0.0361328125
1 0.3173828125 0.515625 0.041015625 0.0498046875
1 0.5859375 0.4541015625 0.021484375 0.0361328125
1 0.541015625 0.431640625 0.0185546875 0.0302734375
1 0.458984375 0.421875 0.0205078125 0.033203125