1 0.2177734375 0.619140625 0.0673828125 0.078125
1 0.9482421875 0.8759765625 0.1015625 0.171875
1 0.40234375 0.6025390625 0.056640625 0.0830078125
1 0.3525390625 0.5458984375 0.0390625 0.052734375
1 0.767578125 0.77734375 0.0986328125 0.1552734375
1 0.734375 0.58984375 0.0576171875 0.0693359375
1 0.638671875 0.4697265625 0.029296875 0.0390625
1 0.3310546875 0.494140625 0.037109375 0.046875
1 0.4482421875 0.474609375 0.0283203125 0.0390625
1 0.599609375 0.4873046875 0.0263671875 0.044921875
1 0.541015625 0.421875 0.0185546875 0.0302734375
1 0.4580078125 0.4306640625 0.017578125 0.025390625
1 0.396484375 0.4345703125 0.0205078125 0.0390625
1 0.59375 0.41796875 0.0185546875 0.0302734375