1 0.3603515625 0.7177734375 0.0732421875 0.10546875
1 0.90234375 0.798828125 0.115234375 0.1611328125
1 0.3212890625 0.6044921875 0.056640625 0.080078125
1 0.3173828125 0.515625 0.041015625 0.044921875
1 0.6728515625 0.517578125 0.0390625 0.0498046875
1 0.431640625 0.5126953125 0.03125 0.046875
1 0.130859375 0.720703125 0.1171875 0.130859375
1 0.44921875 0.4609375 0.0234375 0.0361328125
1 0.587890625 0.4697265625 0.025390625 0.0390625
1 0.412109375 0.4541015625 0.0263671875 0.033203125
1 0.3623046875 0.4638671875 0.025390625 0.0361328125