1 0.400390625 0.64453125 0.052734375 0.080078125
1 0.353515625 0.783203125 0.0830078125 0.125
1 0.1796875 0.87109375 0.123046875 0.14453125
1 0.3388671875 0.587890625 0.056640625 0.072265625
1 0.435546875 0.525390625 0.03125 0.0498046875
1 0.21484375 0.634765625 0.072265625 0.080078125
1 0.390625 0.4892578125 0.025390625 0.0419921875
1 0.447265625 0.466796875 0.025390625 0.0419921875
1 0.333984375 0.49609375 0.033203125 0.0419921875
1 0.408203125 0.4599609375 0.021484375 0.0361328125
1 0.4560546875 0.419921875 0.017578125 0.02734375