1 0.0712890625 0.77734375 0.1171875 0.1162109375
1 0.2255859375 0.7587890625 0.099609375 0.125
1 0.8759765625 0.9287109375 0.1484375 0.1416015625
1 0.97265625 0.919921875 0.052734375 0.1552734375
1 0.33203125 0.884765625 0.0966796875 0.1552734375
1 0.4248046875 0.5615234375 0.0361328125 0.05859375
1 0.443359375 0.484375 0.025390625 0.0419921875
1 0.41796875 0.423828125 0.021484375 0.0419921875
1 0.451171875 0.4365234375 0.021484375 0.0302734375
3 0.3544921875 0.5302734375 0.048828125 0.078125
1 0.3974609375 0.4677734375 0.025390625 0.0390625
1 0.599609375 0.4248046875 0.017578125 0.025390625
3 0.4267578125 0.375 0.029296875 0.052734375