1 0.228515625 0.78515625 0.107421875 0.150390625
3 0.6982421875 0.4990234375 0.109375 0.2001953125
1 0.25390625 0.595703125 0.064453125 0.072265625
1 0.57421875 0.54296875 0.0390625 0.05859375
1 0.419921875 0.5595703125 0.0390625 0.0615234375
1 0.359375 0.5302734375 0.0419921875 0.0615234375
1 0.669921875 0.609375 0.0546875 0.0888671875
1 0.447265625 0.4638671875 0.021484375 0.0361328125
1 0.3994140625 0.470703125 0.0263671875 0.0361328125
1 0.3486328125 0.4765625 0.03125 0.0361328125
1 0.4169921875 0.4365234375 0.0185546875 0.02734375