3 0.25390625 0.658203125 0.1171875 0.203125
1 0.302734375 0.9169921875 0.107421875 0.1611328125
1 0.3916015625 0.64453125 0.0576171875 0.078125
1 0.439453125 0.4970703125 0.029296875 0.044921875
1 0.34765625 0.5595703125 0.041015625 0.0556640625
1 0.646484375 0.55859375 0.0439453125 0.06640625
1 0.4228515625 0.4287109375 0.0185546875 0.02734375
1 0.1767578125 0.671875 0.048828125 0.0947265625
3 0.3642578125 0.431640625 0.0595703125 0.099609375
1 0.455078125 0.4365234375 0.0234375 0.0302734375
1 0.53515625 0.4150390625 0.017578125 0.02734375
1 0.615234375 0.45703125 0.025390625 0.033203125
1 0.3994140625 0.47265625 0.0263671875 0.044921875
1 0.2841796875 0.544921875 0.044921875 0.046875
1 0.5751953125 0.443359375 0.0185546875 0.02734375