3 0.693359375 0.5 0.111328125 0.18359375
3 0.2548828125 0.533203125 0.1435546875 0.2080078125
1 0.4326171875 0.5068359375 0.0341796875 0.044921875
1 0.412109375 0.599609375 0.0498046875 0.06640625
1 0.423828125 0.4287109375 0.021484375 0.0302734375
1 0.38671875 0.4970703125 0.03125 0.044921875
1 0.587890625 0.462890625 0.025390625 0.0361328125
1 0.5419921875 0.447265625 0.0205078125 0.0361328125
1 0.3388671875 0.4931640625 0.03125 0.0419921875
1 0.625 0.4580078125 0.025390625 0.033203125
1 0.4560546875 0.43359375 0.0205078125 0.025390625