1 0.365234375 0.759765625 0.080078125 0.125
1 0.7197265625 0.7138671875 0.0751953125 0.1162109375
1 0.41796875 0.548828125 0.037109375 0.052734375
1 0.4326171875 0.494140625 0.0361328125 0.046875
1 0.552734375 0.4697265625 0.0263671875 0.0390625
1 0.298828125 0.53515625 0.044921875 0.052734375
1 0.3525390625 0.474609375 0.029296875 0.044921875
3 0.189453125 0.6611328125 0.083984375 0.111328125
3 0.40625 0.4404296875 0.041015625 0.080078125
1 0.650390625 0.4912109375 0.0283203125 0.0419921875
1 0.189453125 0.6611328125 0.0859375 0.111328125