1 0.19140625 0.671875 0.0859375 0.091796875
1 0.642578125 0.5615234375 0.041015625 0.0615234375
1 0.3984375 0.6083984375 0.0546875 0.0859375
1 0.8427734375 0.73046875 0.0888671875 0.1220703125
1 0.724609375 0.8349609375 0.1142578125 0.197265625
1 0.359375 0.5302734375 0.0419921875 0.052734375
1 0.4306640625 0.5087890625 0.0361328125 0.052734375
1 0.6787109375 0.513671875 0.037109375 0.0615234375
1 0.294921875 0.5458984375 0.044921875 0.05859375
1 0.560546875 0.5 0.029296875 0.0498046875
1 0.4208984375 0.443359375 0.021484375 0.033203125