1 0.310546875 0.51953125 0.041015625 0.046875
1 0.607421875 0.66796875 0.0576171875 0.10546875
1 0.4169921875 0.5888671875 0.0419921875 0.06640625
1 0.029296875 0.8896484375 0.05859375 0.123046875
1 0.3212890625 0.595703125 0.0595703125 0.080078125
1 0.658203125 0.5693359375 0.048828125 0.0693359375
1 0.11328125 0.9521484375 0.13671875 0.095703125
1 0.447265625 0.4736328125 0.029296875 0.0498046875
1 0.931640625 0.818359375 0.1142578125 0.1552734375
1 0.365234375 0.4609375 0.029296875 0.0361328125
1 0.408203125 0.4599609375 0.025390625 0.033203125
1 0.4609375 0.4169921875 0.025390625 0.0390625
1 0.55078125 0.4638671875 0.0234375 0.0390625
1 0.5830078125 0.4501953125 0.0205078125 0.033203125
1 0.431640625 0.412109375 0.017578125 0.025390625