1 0.2119140625 0.7861328125 0.1015625 0.130859375
1 0.3837890625 0.71484375 0.068359375 0.1025390625
1 0.3388671875 0.56640625 0.044921875 0.0634765625
1 0.7255859375 0.5791015625 0.052734375 0.078125
1 0.275390625 0.5625 0.0498046875 0.0615234375
1 0.548828125 0.4697265625 0.0263671875 0.044921875
1 0.591796875 0.470703125 0.025390625 0.0390625
1 0.443359375 0.45703125 0.021484375 0.033203125
3 0.6953125 0.5302734375 0.0625 0.091796875
1 0.4052734375 0.4541015625 0.025390625 0.0361328125
1 0.5703125 0.4306640625 0.0205078125 0.02734375
1 0.5341796875 0.4111328125 0.017578125 0.0302734375
1 0.603515625 0.4208984375 0.021484375 0.044921875