3 0.208984375 0.6123046875 0.0830078125 0.111328125
1 0.4306640625 0.5224609375 0.0390625 0.05859375
1 0.3564453125 0.7529296875 0.072265625 0.1142578125
1 0.658203125 0.5693359375 0.048828125 0.0693359375
1 0.330078125 0.5888671875 0.056640625 0.06640625
1 0.4501953125 0.4599609375 0.025390625 0.0361328125
1 0.1630859375 0.9111328125 0.125 0.158203125
1 0.60546875 0.671875 0.064453125 0.125
1 0.5419921875 0.4580078125 0.021484375 0.0390625
1 0.408203125 0.453125 0.025390625 0.0361328125
1 0.4169921875 0.4052734375 0.0185546875 0.025390625
1 0.44140625 0.408203125 0.0185546875 0.033203125