1 0.328125 0.8642578125 0.0966796875 0.1474609375
1 0.1728515625 0.8544921875 0.1171875 0.1474609375
1 0.7021484375 0.6669921875 0.068359375 0.10546875
1 0.658203125 0.8193359375 0.0888671875 0.18359375
1 0.4013671875 0.6025390625 0.048828125 0.080078125
1 0.23828125 0.6044921875 0.064453125 0.0693359375
1 0.75 0.6123046875 0.060546875 0.080078125
1 0.33984375 0.48046875 0.033203125 0.0390625
1 0.5693359375 0.52734375 0.0341796875 0.05859375
1 0.2978515625 0.529296875 0.0390625 0.0498046875
1 0.3837890625 0.49609375 0.0283203125 0.044921875