1 0.6513671875 0.783203125 0.083984375 0.150390625
1 0.3671875 0.7265625 0.068359375 0.1025390625
1 0.4365234375 0.5166015625 0.03125 0.046875
1 0.25 0.59765625 0.064453125 0.0693359375
3 0.3193359375 0.470703125 0.060546875 0.1142578125
1 0.375 0.517578125 0.033203125 0.046875
1 0.6337890625 0.5263671875 0.0361328125 0.052734375
1 0.6787109375 0.5234375 0.0361328125 0.052734375
3 0.564453125 0.4072265625 0.0234375 0.046875
1 0.408203125 0.447265625 0.0234375 0.0390625
1 0.4501953125 0.45703125 0.0283203125 0.0419921875
3 0.5830078125 0.3876953125 0.029296875 0.05859375
1 0.544921875 0.4384765625 0.021484375 0.0302734375
2 0.341796875 0.6455078125 0.0185546875 0.0556640625