1 0.3564453125 0.806640625 0.0830078125 0.130859375
1 0.8955078125 0.9150390625 0.1484375 0.169921875
1 0.224609375 0.6181640625 0.064453125 0.072265625
1 0.6962890625 0.544921875 0.0439453125 0.05859375
1 0.591796875 0.578125 0.046875 0.0693359375
1 0.306640625 0.529296875 0.041015625 0.0498046875
1 0.44140625 0.482421875 0.0263671875 0.0390625
1 0.408203125 0.451171875 0.0205078125 0.0302734375
1 0.607421875 0.5 0.0283203125 0.044921875
3 0.056640625 0.8916015625 0.1123046875 0.2109375
1 0.3671875 0.455078125 0.0234375 0.0302734375
1 0.4619140625 0.427734375 0.021484375 0.0302734375
1 0.4052734375 0.4140625 0.017578125 0.025390625