1 0.36328125 0.775390625 0.078125 0.125
3 0.771484375 0.587890625 0.1748046875 0.27734375
1 0.287109375 0.662109375 0.0673828125 0.0859375
1 0.373046875 0.509765625 0.0390625 0.052734375
3 0.3984375 0.3955078125 0.037109375 0.0830078125
3 0.0654296875 0.796875 0.1298828125 0.177734375
1 0.427734375 0.52734375 0.037109375 0.052734375
1 0.4521484375 0.4462890625 0.021484375 0.033203125
1 0.353515625 0.4736328125 0.0283203125 0.0361328125
1 0.3984375 0.47265625 0.0283203125 0.044921875
1 0.427734375 0.4287109375 0.0185546875 0.02734375
1 0.466796875 0.4111328125 0.0185546875 0.02734375