1 0.705078125 0.55859375 0.041015625 0.0634765625
1 0.3896484375 0.6552734375 0.056640625 0.0859375
1 0.6474609375 0.568359375 0.0439453125 0.0693359375
1 0.244140625 0.599609375 0.0595703125 0.0751953125
1 0.720703125 0.95703125 0.1064453125 0.0859375
1 0.384765625 0.5029296875 0.0341796875 0.044921875
1 0.4404296875 0.484375 0.029296875 0.0390625
1 0.8642578125 0.75390625 0.1064453125 0.1357421875
1 0.123046875 0.9072265625 0.162109375 0.1806640625
1 0.451171875 0.4482421875 0.0234375 0.033203125
1 0.54296875 0.4501953125 0.0205078125 0.0361328125
3 0.123046875 0.908203125 0.162109375 0.1806640625