1 0.3974609375 0.6484375 0.0546875 0.080078125
1 0.94921875 0.841796875 0.099609375 0.1611328125
1 0.369140625 0.525390625 0.0419921875 0.046875
1 0.4453125 0.4736328125 0.0283203125 0.0419921875
1 0.26953125 0.6962890625 0.078125 0.10546875
1 0.7265625 0.6806640625 0.078125 0.1220703125
1 0.6787109375 0.5263671875 0.0390625 0.0556640625
3 0.455078125 0.369140625 0.0263671875 0.0498046875
1 0.3212890625 0.5107421875 0.041015625 0.046875
3 0.388671875 0.412109375 0.0439453125 0.0830078125
1 0.58984375 0.4501953125 0.0283203125 0.046875
1 0.103515625 0.759765625 0.1298828125 0.1416015625
1 0.416015625 0.44140625 0.0205078125 0.0302734375
3 0.103515625 0.7607421875 0.1298828125 0.1416015625