1 0.396484375 0.662109375 0.060546875 0.0830078125
1 0.427734375 0.5390625 0.033203125 0.052734375
3 0.2890625 0.6484375 0.080078125 0.1220703125
1 0.646484375 0.568359375 0.0390625 0.05859375
1 0.369140625 0.515625 0.0390625 0.046875
1 0.587890625 0.466796875 0.025390625 0.046875
1 0.5830078125 0.5712890625 0.041015625 0.078125
1 0.65625 0.4912109375 0.03125 0.044921875
1 0.4384765625 0.49609375 0.03125 0.044921875
1 0.9521484375 0.875 0.09375 0.1806640625
1 0.2314453125 0.6162109375 0.0576171875 0.072265625
1 0.412109375 0.455078125 0.0234375 0.0361328125
1 0.4541015625 0.4541015625 0.0234375 0.033203125
1 0.5439453125 0.4501953125 0.0205078125 0.033203125