1 0.3330078125 0.83203125 0.1044921875 0.1611328125
1 0.287109375 0.6708984375 0.0732421875 0.0947265625
1 0.4345703125 0.5166015625 0.033203125 0.046875
1 0.724609375 0.5751953125 0.048828125 0.06640625
1 0.619140625 0.517578125 0.037109375 0.046875
1 0.3876953125 0.4970703125 0.033203125 0.044921875
1 0.34765625 0.48046875 0.0341796875 0.0419921875
1 0.55859375 0.484375 0.029296875 0.046875
1 0.4052734375 0.4384765625 0.0263671875 0.0302734375
1 0.634765625 0.466796875 0.0263671875 0.0390625
1 0.5458984375 0.43359375 0.0205078125 0.0390625
1 0.45703125 0.4248046875 0.0185546875 0.02734375