1 0.3037109375 0.64453125 0.0703125 0.0830078125
1 0.4384765625 0.486328125 0.0283203125 0.0419921875
1 0.556640625 0.466796875 0.0263671875 0.0419921875
3 0.3759765625 0.4267578125 0.0576171875 0.125
1 0.6025390625 0.494140625 0.029296875 0.044921875
1 0.654296875 0.49609375 0.03125 0.044921875
1 0.2939453125 0.54296875 0.0390625 0.052734375
1 0.408203125 0.5556640625 0.048828125 0.09765625
1 0.453125 0.4462890625 0.0205078125 0.0302734375
1 0.4130859375 0.453125 0.0205078125 0.0302734375
1 0.7568359375 0.75390625 0.0908203125 0.1337890625
1 0.4609375 0.4169921875 0.015625 0.02734375
3 0.384765625 0.4736328125 0.0390625 0.0693359375