1 0.0751953125 0.7958984375 0.1201171875 0.1279296875
1 0.427734375 0.5419921875 0.033203125 0.0498046875
1 0.2099609375 0.8134765625 0.1201171875 0.14453125
1 0.4462890625 0.4697265625 0.0283203125 0.0419921875
1 0.345703125 0.484375 0.033203125 0.0390625
1 0.333984375 0.5654296875 0.048828125 0.0693359375
1 0.392578125 0.423828125 0.017578125 0.02734375
3 0.4208984375 0.408203125 0.041015625 0.0859375
1 0.4599609375 0.4267578125 0.0185546875 0.033203125
1 0.470703125 0.3955078125 0.017578125 0.02734375
1 0.595703125 0.419921875 0.017578125 0.025390625