3 0.87890625 0.740234375 0.2421875 0.47265625
1 0.220703125 0.763671875 0.1123046875 0.150390625
1 0.16796875 0.6943359375 0.083984375 0.091796875
1 0.37890625 0.701171875 0.0625 0.091796875
1 0.4228515625 0.548828125 0.0390625 0.05859375
1 0.263671875 0.5751953125 0.052734375 0.06640625
1 0.4482421875 0.48046875 0.025390625 0.0361328125
1 0.662109375 0.5029296875 0.033203125 0.044921875
1 0.4609375 0.427734375 0.0205078125 0.02734375
1 0.40625 0.4599609375 0.0234375 0.0390625
1 0.630859375 0.4638671875 0.0263671875 0.0361328125
3 0.43359375 0.3955078125 0.03125 0.072265625
3 0.349609375 0.544921875 0.044921875 0.0830078125