3 0.14453125 0.640625 0.2607421875 0.3359375
3 0.6181640625 0.423828125 0.0517578125 0.091796875
1 0.3720703125 0.6962890625 0.0673828125 0.091796875
1 0.33984375 0.56640625 0.048828125 0.0556640625
1 0.56640625 0.509765625 0.033203125 0.052734375
1 0.4453125 0.482421875 0.025390625 0.0390625
1 0.3671875 0.5166015625 0.044921875 0.046875
1 0.80859375 0.6962890625 0.083984375 0.10546875
1 0.455078125 0.4462890625 0.0205078125 0.033203125
1 0.419921875 0.4443359375 0.0185546875 0.0302734375
1 0.39453125 0.4267578125 0.015625 0.025390625