3 0.642578125 0.49609375 0.09375 0.18359375
3 0.2900390625 0.49609375 0.1123046875 0.1748046875
1 0.4326171875 0.505859375 0.033203125 0.046875
1 0.552734375 0.4892578125 0.0263671875 0.046875
1 0.384765625 0.494140625 0.029296875 0.0419921875
1 0.33984375 0.5732421875 0.048828125 0.0634765625
1 0.404296875 0.4580078125 0.0205078125 0.033203125
1 0.4296875 0.4208984375 0.017578125 0.025390625
1 0.36328125 0.4599609375 0.025390625 0.0361328125
1 0.5634765625 0.4150390625 0.013671875 0.0224609375
1 0.4541015625 0.4345703125 0.0185546875 0.02734375
3 0.322265625 0.91015625 0.1220703125 0.177734375
1 0.322265625 0.91015625 0.1220703125 0.177734375
1 0.4453125 0.462890625 0.0283203125 0.044921875
1 0.3876953125 0.43359375 0.0205078125 0.02734375