1 0.341796875 0.7802734375 0.0908203125 0.1279296875
3 0.8525390625 0.703125 0.1171875 0.2080078125
1 0.619140625 0.6875 0.060546875 0.1162109375
0 0.658203125 0.4697265625 0.068359375 0.1142578125
1 0.66015625 0.5830078125 0.046875 0.0693359375
1 0.12109375 0.9287109375 0.1591796875 0.138671875
1 0.5654296875 0.5068359375 0.033203125 0.052734375
1 0.435546875 0.505859375 0.03125 0.0498046875
1 0.3388671875 0.5751953125 0.052734375 0.0751953125
1 0.0517578125 0.8525390625 0.103515625 0.1474609375
1 0.3896484375 0.4775390625 0.029296875 0.0419921875
1 0.5439453125 0.4501953125 0.025390625 0.0419921875