1 0.392578125 0.6884765625 0.060546875 0.091796875
1 0.123046875 0.943359375 0.1435546875 0.111328125
1 0.4296875 0.537109375 0.0361328125 0.0556640625
3 0.326171875 0.5859375 0.0625 0.09765625
3 0.0810546875 0.7587890625 0.1435546875 0.1865234375
1 0.30078125 0.96484375 0.1142578125 0.0693359375
3 0.314453125 0.4873046875 0.0810546875 0.111328125
1 0.462890625 0.4208984375 0.0185546875 0.02734375
1 0.4482421875 0.46484375 0.0234375 0.044921875
1 0.4140625 0.447265625 0.0205078125 0.033203125
1 0.396484375 0.427734375 0.0205078125 0.0302734375
0 0.314453125 0.486328125 0.0810546875 0.1142578125