1 0.310546875 0.91796875 0.1142578125 0.158203125
1 0.2587890625 0.7138671875 0.080078125 0.09765625
1 0.2919921875 0.552734375 0.0439453125 0.0556640625
1 0.40234375 0.6376953125 0.0517578125 0.078125
1 0.4296875 0.513671875 0.0341796875 0.0498046875
3 0.1474609375 0.671875 0.1279296875 0.177734375
1 0.388671875 0.4912109375 0.0263671875 0.0419921875
1 0.4609375 0.4345703125 0.021484375 0.02734375
1 0.33203125 0.49609375 0.0361328125 0.044921875
1 0.421875 0.4365234375 0.0185546875 0.0302734375
1 0.361328125 0.462890625 0.025390625 0.033203125
1 0.4033203125 0.4169921875 0.0185546875 0.02734375
0 0.1474609375 0.671875 0.1279296875 0.1806640625