1 0.20703125 0.7802734375 0.115234375 0.1416015625
1 0.390625 0.6767578125 0.0595703125 0.0859375
1 0.4404296875 0.5107421875 0.03125 0.046875
1 0.3681640625 0.5263671875 0.0419921875 0.052734375
1 0.6552734375 0.4892578125 0.03125 0.0419921875
1 0.4091796875 0.45703125 0.021484375 0.0390625
1 0.5478515625 0.4541015625 0.021484375 0.0361328125
1 0.576171875 0.4462890625 0.0205078125 0.0302734375
1 0.4501953125 0.470703125 0.0263671875 0.0361328125
3 0.212890625 0.619140625 0.083984375 0.10546875
1 0.4677734375 0.4013671875 0.017578125 0.01953125
1 0.4287109375 0.421875 0.017578125 0.025390625