1 0.3359375 0.8955078125 0.103515625 0.169921875
1 0.3603515625 0.548828125 0.0439453125 0.05859375
1 0.7568359375 0.6220703125 0.056640625 0.080078125
1 0.314453125 0.6240234375 0.056640625 0.0888671875
1 0.4443359375 0.45703125 0.025390625 0.0390625
1 0.3056640625 0.5361328125 0.0439453125 0.052734375
1 0.576171875 0.533203125 0.037109375 0.0498046875
3 0.4150390625 0.5537109375 0.048828125 0.0830078125
3 0.3828125 0.41015625 0.041015625 0.0888671875
1 0.392578125 0.4794921875 0.025390625 0.0419921875
3 0.435546875 0.365234375 0.025390625 0.052734375
1 0.353515625 0.466796875 0.0283203125 0.0390625
1 0.025390625 0.869140625 0.0498046875 0.1220703125
1 0.62890625 0.4580078125 0.025390625 0.0361328125
1 0.462890625 0.41796875 0.0185546875 0.02734375