3 0.779296875 0.7197265625 0.259765625 0.4833984375
1 0.1005859375 0.9345703125 0.1533203125 0.1279296875
1 0.365234375 0.7568359375 0.076171875 0.1162109375
1 0.1904296875 0.6640625 0.083984375 0.1025390625
1 0.326171875 0.59765625 0.0595703125 0.078125
1 0.9560546875 0.8818359375 0.087890625 0.1943359375
1 0.4208984375 0.537109375 0.0390625 0.0556640625
1 0.330078125 0.4912109375 0.037109375 0.0498046875
1 0.5615234375 0.5087890625 0.03125 0.0498046875
1 0.396484375 0.474609375 0.0263671875 0.0390625
1 0.443359375 0.4609375 0.0234375 0.0419921875