3 0.2587890625 0.634765625 0.2060546875 0.3642578125
1 0.373046875 0.7412109375 0.0751953125 0.111328125
3 0.08203125 0.7392578125 0.1640625 0.216796875
1 0.4296875 0.517578125 0.0341796875 0.0498046875
1 0.4130859375 0.595703125 0.046875 0.072265625
1 0.3798828125 0.509765625 0.0341796875 0.044921875
1 0.626953125 0.4580078125 0.025390625 0.0361328125
1 0.6962890625 0.54296875 0.041015625 0.05859375
1 0.5625 0.4931640625 0.0263671875 0.046875
1 0.58984375 0.4677734375 0.0234375 0.0361328125
3 0.673828125 0.818359375 0.09375 0.171875
3 0.5673828125 0.369140625 0.021484375 0.0498046875
1 0.5400390625 0.4384765625 0.021484375 0.033203125
1 0.673828125 0.8193359375 0.09375 0.171875
1 0.44921875 0.4638671875 0.0234375 0.0361328125