3 0.892578125 0.701171875 0.2138671875 0.369140625
1 0.8173828125 0.8876953125 0.115234375 0.177734375
1 0.28515625 0.6611328125 0.0673828125 0.0859375
1 0.3828125 0.6982421875 0.0654296875 0.091796875
1 0.4140625 0.55859375 0.0419921875 0.0634765625
1 0.3515625 0.544921875 0.0439453125 0.052734375
1 0.287109375 0.546875 0.0390625 0.05859375
3 0.12109375 0.712890625 0.240234375 0.43359375
1 0.3544921875 0.4736328125 0.033203125 0.0390625
1 0.451171875 0.4609375 0.025390625 0.0361328125
1 0.1083984375 0.9501953125 0.1484375 0.099609375
1 0.419921875 0.4345703125 0.0185546875 0.0302734375