1 0.234375 0.765625 0.091796875 0.111328125
1 0.2841796875 0.9306640625 0.119140625 0.1357421875
1 0.421875 0.5126953125 0.0390625 0.05859375
1 0.4033203125 0.4677734375 0.0234375 0.0361328125
1 0.29296875 0.5419921875 0.0439453125 0.052734375
0 0.36328125 0.443359375 0.0546875 0.0888671875
1 0.865234375 0.7607421875 0.107421875 0.1337890625
1 0.6435546875 0.548828125 0.037109375 0.0615234375
1 0.45703125 0.4404296875 0.0205078125 0.0302734375
1 0.5869140625 0.4482421875 0.0234375 0.0390625
1 0.4248046875 0.4287109375 0.0205078125 0.02734375
1 0.3974609375 0.4150390625 0.021484375 0.0302734375
1 0.46875 0.3955078125 0.013671875 0.0224609375