1 0.427734375 0.5498046875 0.0361328125 0.0556640625
1 0.349609375 0.556640625 0.0439453125 0.0556640625
1 0.4404296875 0.48046875 0.029296875 0.0498046875
3 0.39453125 0.6337890625 0.078125 0.138671875
1 0.8642578125 0.734375 0.0986328125 0.1279296875
1 0.2978515625 0.54296875 0.0419921875 0.0615234375
1 0.451171875 0.4501953125 0.021484375 0.0302734375
3 0.3857421875 0.4775390625 0.0390625 0.0615234375
1 0.5869140625 0.45703125 0.021484375 0.0361328125
1 0.4609375 0.41796875 0.015625 0.02734375
1 0.537109375 0.4306640625 0.0205078125 0.0302734375
1 0.421875 0.4345703125 0.0205078125 0.02734375
1 0.5732421875 0.533203125 0.0361328125 0.06640625